No.	Z Error(mm)	3D Error
1	0.320000	1.034154
2	0.640000	2.934090
3	1.280000	2.630172
4	2.880000	5.535571
5	1.600000	3.947314
6	6.080000	7.035988
7	0.320000	5.291353
8	0.320000	0.970631
9	2.880000	5.895645
10	1.280000	2.834292
11	2.880000	4.211188
12	0.640000	3.864035
13	0.640000	1.359679
14	0.640000	2.362961
15	4.160000	6.762243
16	2.240000	7.241074
17	5.440000	5.923302
18	2.880000	5.106932
19	0.320000	4.022409
20	3.840000	5.945093
21	1.280000	7.639532
22	0.000000	3.472483
23	1.600000	6.161041
24	4.160000	7.043578
25	7.040000	9.332065
26	0.640000	2.058002
27	1.600000	5.682220
28	2.240000	5.305357
29	3.840000	6.281453
30	1.280000	3.300899
31	0.320000	2.698592
32	0.960000	5.453895
33	0.960000	2.237996
34	0.960000	2.451199
35	0.960000	3.352199
36	0.960000	3.171030
37	2.560000	4.876150
38	2.880000	5.036338
39	2.560000	4.313201
40	2.560000	4.459959
41	2.240000	3.760789
42	2.240000	2.960632
43	1.600000	3.720984
44	1.600000	4.823415
45	0.000000	3.406278
46	2.240000	4.642136
47	3.200000	4.905071
48	4.160000	5.820159
49	1.600000	3.134271
50	0.320000	0.946116
51	1.920000	3.436673
52	0.960000	3.737850
53	2.560000	3.543847
54	2.880000	3.995347
55	0.000000	3.089894
56	1.280000	2.037584
57	0.320000	3.142933
58	1.600000	4.363569
59	1.920000	4.598186
60	0.000000	1.415635
61	0.640000	1.540842
62	0.640000	1.283062
63	1.920000	3.097443
64	2.880000	4.596057
65	3.520000	5.441103
66	2.560000	5.087411
67	2.560000	3.976898
68	0.640000	4.013128
69	1.600000	4.030167
70	0.640000	4.046482
71	2.240000	3.442993
72	0.320000	2.801579
73	0.320000	1.032689
74	0.000000	1.926607
75	0.960000	3.952998
76	0.640000	3.646504
77	0.960000	2.629609
78	0.960000	4.175477
79	2.880000	4.476429
80	0.640000	1.536265
81	5.120000	7.819964
82	4.160000	8.416912
83	1.280000	2.461935
84	1.600000	5.357558
85	0.640000	2.711803
86	0.640000	4.840923
87	1.600000	3.260711
88	3.200000	5.012182
89	1.600000	3.655047
90	0.640000	2.550244
91	0.000000	3.804714
92	0.320000	0.610652
93	0.320000	0.648035
94	1.920000	4.950460
95	5.120000	7.988971
96	3.200000	7.082989
97	3.840000	8.056578
98	3.200000	5.794055
99	5.120000	7.713601
100	1.600000	4.879905
101	0.320000	2.845373
102	4.800000	8.400023
103	4.480000	8.735889
104	1.920000	3.412156
105	1.280000	4.352719
106	6.080000	8.986685
107	1.920000	4.029054
108	2.240000	4.568913
109	2.560000	5.217117
110	0.320000	4.904000
111	4.480000	7.530575
112	1.600000	6.002480
113	2.240000	7.250928
114	1.920000	4.058684
115	1.600000	3.036264
116	3.840000	8.035151
117	6.720000	8.836691
118	0.000000	2.005572
119	0.960000	3.293662
120	4.480000	8.852436
121	3.520000	7.180085
122	2.880000	7.095624
123	4.160000	8.427421
124	2.560000	4.731798
125	0.000000	0.369223
126	6.720000	7.492086
127	2.560000	4.652593
128	2.880000	4.994695
129	1.920000	5.288143
130	1.920000	5.282624
131	1.280000	8.039623
132	0.320000	4.788689
133	2.560000	5.593049
134	4.800000	8.430763
135	5.760000	9.214653
136	2.880000	4.726356
137	0.960000	2.492129
138	0.640000	3.179888
139	0.000000	3.430958
140	9.280000	12.307714
141	6.400000	10.114004
142	5.120000	8.224806
143	4.480000	7.270277
144	4.800000	8.569630
145	2.240000	6.244335
146	0.320000	3.657972
147	0.960000	4.980598
148	1.920000	3.746759
149	4.800000	6.016222
150	3.520000	7.130768
151	5.120000	8.221333
152	4.800000	7.458382
153	0.320000	6.143498
154	3.520000	7.663200
155	0.640000	3.375808
156	0.320000	4.839055
157	1.920000	4.490570
158	0.960000	2.538561
159	1.920000	4.446164
160	2.560000	5.832866
161	4.800000	7.488285
162	2.560000	6.777227
163	2.560000	5.722573
164	4.160000	6.658003
165	2.560000	6.334529
166	0.960000	6.159060
167	2.240000	7.386694
168	1.280000	5.290578
169	1.600000	5.972122
170	3.520000	7.388158
171	3.520000	6.584090
172	1.600000	4.551001
173	0.320000	5.135022
174	1.920000	4.934684
175	2.880000	5.462408
176	0.640000	5.306073
177	1.280000	5.104386
178	3.840000	7.380191
179	2.240000	6.080138
180	1.280000	4.488776
181	0.960000	4.479329
182	0.960000	5.087224
183	1.600000	6.244223
184	3.840000	6.775384
185	0.320000	3.235419
186	1.920000	5.039851
187	1.600000	5.501945
188	2.240000	5.335687
189	2.560000	4.711637
190	3.200000	6.652763
191	2.880000	6.361771
192	3.200000	7.111476
193	3.520000	7.566484
194	3.200000	6.915335
195	2.880000	7.831314
196	2.880000	7.295234
197	2.880000	7.023389
198	2.560000	5.449600
199	2.240000	6.316825
200	2.240000	5.493512
201	2.240000	6.834358
202	3.840000	7.486668
203	2.880000	5.116206
204	3.520000	6.413814
205	1.280000	6.258174
206	1.920000	6.541053
207	2.560000	6.344529
208	1.920000	6.718503
209	2.560000	5.214935
210	2.240000	5.693870
211	2.560000	6.574987
212	3.840000	8.013643
213	3.520000	6.666800
214	2.880000	6.858537
215	2.880000	7.697623
216	2.880000	7.538347
217	2.880000	7.279418
218	3.520000	8.059081
219	2.880000	7.359181
220	0.960000	4.723485
221	2.880000	5.344402
222	1.600000	5.739900
223	4.800000	7.539936
224	0.000000	5.068575
225	0.000000	3.883599
226	1.600000	5.221413
227	1.920000	6.007455
228	1.280000	3.745668
229	2.560000	5.362380
230	0.320000	5.741557
231	0.640000	5.105846
232	0.960000	6.223514
233	0.320000	5.226120
234	1.280000	6.343858
235	3.200000	7.073200
236	0.640000	5.007228
237	0.000000	4.548373
238	0.640000	4.169105
239	0.640000	4.849409
240	1.600000	5.998765
241	1.920000	5.973682
242	3.840000	8.240639
243	0.960000	5.749109
244	1.920000	6.417848
245	2.560000	5.839242
246	0.320000	4.343909
247	1.280000	6.289070
248	0.640000	5.417024
249	1.280000	6.788142
250	1.600000	5.430193
251	0.960000	4.891928
252	0.000000	6.400311
253	0.960000	6.555703
254	0.320000	4.968358
255	2.560000	6.939479
256	3.520000	6.919156
257	1.600000	5.924154
258	1.600000	4.568316
259	0.640000	4.844138
260	0.640000	5.583513
261	0.320000	5.925867
262	0.000000	5.245269
263	1.600000	5.412098
264	1.280000	4.586269
265	0.640000	3.706168
266	5.440000	7.955943
267	0.640000	5.352396
268	2.240000	5.403370
269	4.160000	6.928170
270	0.320000	6.255990
271	0.640000	6.097790
272	1.280000	5.041614
273	0.320000	1.866553
274	1.280000	4.694927
275	2.880000	5.341106
276	1.920000	5.836630
277	0.960000	4.691682
278	3.520000	5.786721
279	2.560000	6.409983
280	2.560000	5.783655
281	3.200000	5.310731
282	2.560000	6.014435
283	4.480000	7.647950
284	2.240000	5.908350
285	3.520000	6.809811
286	1.920000	5.062913
287	2.880000	5.829808
288	0.960000	4.293487
289	2.240000	6.624632
290	2.240000	5.681196
291	3.520000	6.391823
292	1.600000	2.744013
293	1.920000	5.091088
294	3.520000	6.061577
295	1.600000	5.460889
296	2.560000	6.191976
297	3.840000	7.191117
298	4.480000	7.737692
299	1.280000	4.417161
300	4.480000	7.583983
301	3.520000	7.082875
302	2.560000	7.116086
303	2.880000	7.061656
304	1.920000	7.520301
305	1.600000	6.843503
306	3.520000	7.122667
307	1.920000	6.396094
308	4.480000	7.314078
309	2.880000	6.716897
310	1.280000	4.837534
311	2.560000	6.255825
312	2.880000	6.195040
313	2.560000	6.015651
314	3.840000	6.179848
315	2.240000	5.786922
316	5.120000	8.053617
317	3.200000	7.197091
318	1.920000	5.909330
319	5.440000	8.417619
320	4.160000	7.557273
321	1.920000	4.347516
322	3.520000	5.895798
323	3.520000	6.648117
324	5.440000	9.041141
325	5.440000	8.565025
326	0.960000	1.799149
327	0.320000	2.890096
328	2.880000	5.026527
329	2.880000	6.511575
330	1.280000	4.344402
331	0.960000	4.734106
332	2.240000	6.031666
333	1.600000	3.844209
334	1.280000	4.803757
335	0.640000	4.895891
336	0.320000	5.394446
337	1.280000	4.109275
338	0.960000	4.120054
339	3.200000	6.187619
340	0.640000	4.135481
341	2.240000	5.454721
342	3.520000	6.593358
343	0.320000	2.899725
344	0.320000	3.307149
345	1.280000	4.278184
346	0.960000	3.097877
347	0.960000	2.992683
348	3.840000	6.790295
349	2.240000	5.672473
350	0.640000	4.028305
351	0.960000	3.850724
352	0.320000	3.011962
353	1.280000	3.895820
354	1.920000	5.006068
355	3.200000	5.329082
356	1.280000	3.282323
357	0.320000	4.839521
358	1.920000	3.405123
359	1.600000	3.941865
360	1.280000	3.108182
361	0.640000	2.050091
362	2.240000	4.067860
363	1.920000	3.856572
364	1.280000	3.245303
365	0.000000	3.668841
366	1.280000	4.763964
367	0.640000	2.682262
368	1.600000	3.252549
369	2.880000	5.396298
370	0.320000	6.415416
371	1.600000	2.806544
372	0.320000	2.791683
373	1.920000	3.711392
374	3.200000	4.821486
375	2.240000	4.191606
376	2.240000	3.934450
377	3.520000	6.489483
378	2.560000	4.367107
379	3.840000	5.873693
380	2.560000	4.269373
381	1.600000	4.005851
382	1.280000	4.051378
383	0.320000	3.309529
384	2.240000	4.317787
385	1.280000	3.648111
386	0.640000	2.977035
387	2.880000	4.983511
388	2.560000	4.315775
389	4.480000	5.920277
390	1.280000	3.471532
391	2.560000	4.742495
392	1.600000	3.890885
393	1.600000	4.354290
394	2.880000	5.113870
395	2.560000	4.319474
396	3.200000	5.535856
397	2.240000	5.094979
398	0.960000	2.726182
399	1.600000	3.526125
400	1.920000	4.565724
401	2.240000	4.764936
402	2.880000	5.507510
403	0.000000	2.601530
404	2.240000	5.072248
405	0.320000	3.143798
406	2.560000	5.859105
407	1.280000	2.579383
408	1.280000	2.698667
409	2.240000	4.147738
410	3.200000	5.495883
411	0.640000	2.388540
412	1.600000	4.036635
413	2.240000	4.186004
414	1.920000	4.730124
415	2.880000	4.980324
416	0.960000	3.600148
417	1.920000	3.942759
418	0.960000	4.788689
419	0.960000	3.589567
420	0.640000	2.043386
421	2.880000	5.090759
422	2.560000	3.958633
423	7.680000	8.684515
424	2.240000	4.768879
425	2.880000	5.133356
426	1.600000	3.502437
427	1.920000	4.409842
428	3.840000	6.324891
429	0.640000	3.565820
430	1.600000	2.716972
431	2.560000	4.438048
432	1.920000	4.778161
433	2.240000	3.979752
434	1.600000	3.636730
435	1.920000	3.675268
436	2.240000	3.641035
437	2.240000	4.524473
438	2.240000	4.401585
439	2.880000	5.780515
440	3.840000	6.735723
441	2.880000	5.547171
442	2.560000	5.217293
443	2.240000	4.672601
444	2.560000	4.815225
445	4.800000	7.922763
446	3.200000	5.305355
447	3.520000	6.301263
448	2.880000	6.012120
449	2.240000	4.558141
450	3.200000	6.044888
451	5.120000	8.203564
452	5.120000	8.587661
453	4.800000	8.312691
454	5.760000	9.302145
455	0.000000	4.842472
456	4.480000	7.333598
457	4.480000	7.390323
458	4.480000	7.873934
459	5.440000	8.172486
460	4.160000	7.171049
461	4.480000	7.840351
462	4.160000	7.899248
463	4.800000	8.282790
464	3.520000	7.039940
465	5.760000	9.395732
466	4.160000	7.668425
467	4.800000	7.497959
468	5.760000	9.135337
469	4.160000	7.087728
470	5.760000	10.033980
471	3.200000	6.818749
472	5.760000	9.198631
473	4.800000	7.711209
474	4.480000	7.588278
475	4.160000	6.729022
476	4.480000	7.897508
477	5.760000	8.996719
478	4.800000	7.466472
479	3.200000	6.405686
480	2.880000	6.527985
481	4.800000	8.451409
482	3.200000	5.794824
483	4.160000	8.073357
484	2.880000	5.431979
485	4.800000	7.979766
486	4.800000	9.006616
487	3.520000	6.288714
488	5.120000	7.932967
489	3.520000	6.830706
490	5.440000	7.913574
491	4.480000	8.548005
492	3.200000	5.518893
493	3.200000	6.117215
494	2.560000	8.339103
495	0.640000	8.284378
496	0.320000	8.464141
497	0.000000	7.669198
498	1.280000	8.459158
499	1.600000	8.333929
500	0.640000	9.262066
501	0.640000	9.599989
502	2.880000	8.221120
503	1.280000	8.129208
504	2.240000	9.129449
505	1.920000	9.412177
506	2.240000	9.706386
507	2.240000	8.605126
508	0.960000	8.899609
509	1.280000	8.297274
510	4.160000	10.490910
511	0.960000	8.901460
512	2.240000	8.907350
513	1.600000	9.476950
514	4.160000	10.235267
515	0.960000	8.228267
516	2.240000	9.028600
517	2.880000	9.618197
518	0.640000	9.385714
519	3.200000	9.852172
520	2.240000	9.039655
521	1.600000	8.110698
522	1.280000	8.674897
523	1.600000	8.771448
524	2.880000	10.432802
525	0.320000	8.574296
526	3.840000	9.765888
527	3.200000	10.160552
528	1.600000	9.382335
529	4.480000	10.417739
530	0.960000	6.792526
531	1.280000	7.480118
532	2.240000	6.808215
533	7.680000	10.345475
534	6.400000	9.271360
535	5.120000	7.150804
536	8.960000	11.892231
537	5.760000	8.718210
538	3.200000	7.343788
539	6.400000	9.983618
540	5.760000	9.466756
541	4.160000	7.118059
542	4.480000	8.439561
543	5.440000	8.859361
544	5.120000	8.372448
545	8.960000	12.487331
546	9.920000	12.789938
547	3.520000	5.824841
548	2.880000	7.042617
549	6.720000	10.496399
550	5.440000	8.024815
551	6.080000	8.507014
552	4.160000	6.749144
553	8.960000	11.761867
554	5.120000	8.189633
555	5.440000	7.077859
556	5.440000	7.635925
557	5.120000	7.322418
558	7.680000	10.014134
559	7.040000	9.825923
560	6.400000	8.777198
561	3.520000	5.907048
562	6.080000	8.825507
563	8.000000	10.179643
564	7.680000	10.455706
565	4.480000	6.140722
566	8.320000	10.787295
567	4.160000	6.822676
568	4.800000	7.731457
569	6.080000	9.282838
570	2.880000	6.443859
571	3.520000	6.167383
572	2.560000	6.357353
573	7.040000	10.115900
574	4.800000	6.565382
575	5.760000	7.712210
576	6.400000	8.586892
577	3.840000	7.108268
578	7.680000	9.770677
579	3.520000	4.956993
580	4.160000	6.275277
581	6.720000	9.310258
582	3.200000	5.425166
583	4.800000	6.743136
584	1.280000	6.955572
585	5.440000	9.177366
586	4.800000	6.747733
587	4.480000	6.786332
588	3.520000	4.547797
589	1.920000	5.088018
590	1.280000	5.657866
591	2.560000	6.465165
592	2.240000	6.674802
593	1.920000	5.058522
594	3.520000	7.363426
595	2.240000	6.633551
596	0.960000	5.494989
597	1.600000	5.524054
598	3.200000	7.717503
599	3.200000	7.065431
600	3.200000	6.608504
601	0.960000	4.646573
602	1.920000	4.696360
603	2.560000	6.554128
604	3.200000	7.644082
605	3.520000	6.521553
606	2.880000	6.369842
607	4.160000	7.776764
608	2.880000	7.456560
609	2.880000	7.870407
610	5.120000	9.169974
611	3.520000	6.776783
612	3.840000	6.543595
613	3.840000	8.024089
614	1.280000	7.184338
615	2.880000	7.302837
616	2.560000	5.191155
617	0.960000	5.840676
618	2.880000	5.931740
619	3.200000	7.036809
620	0.000000	5.960249
621	4.160000	7.738209
622	2.240000	5.386325
623	3.840000	6.636167
624	1.920000	5.443972
625	2.880000	5.881162
626	1.280000	4.044538
627	2.240000	6.610115
628	4.800000	8.605562
629	0.320000	6.137861
630	2.880000	7.449035
631	2.560000	6.129365
632	0.960000	5.363648
633	3.200000	5.485583
634	2.560000	5.789894
635	1.280000	6.015387
636	0.960000	6.624874
637	1.920000	4.685307
638	1.920000	4.999409
639	3.520000	6.237820
640	1.600000	4.653366
641	3.200000	5.938251
642	0.000000	5.598584
643	0.320000	5.053727
644	4.160000	6.917994
645	0.320000	7.091102
646	3.200000	5.958855
647	1.920000	5.652168
648	1.280000	4.748306
649	1.920000	6.298597
650	0.640000	3.734811
651	2.560000	5.721375
652	1.280000	4.942964
653	2.560000	6.954801
654	0.320000	3.848087
655	1.920000	4.747236
656	1.600000	3.667874
657	2.240000	7.524707
658	2.560000	5.518026
659	0.320000	4.307740
660	2.880000	5.175240
661	3.520000	6.614551
662	1.280000	5.259829
663	0.000000	3.842723
664	1.600000	4.522160
665	1.600000	4.265562
666	0.960000	3.958383
667	0.960000	4.059876
668	3.840000	6.041066
669	0.320000	5.317426
670	0.640000	5.611574
671	2.240000	6.016797
672	1.600000	5.760287
673	1.920000	6.890793
674	1.280000	4.260447
675	0.640000	4.598507
676	2.240000	4.495736
677	3.200000	4.628847
678	1.600000	3.580589
679	1.280000	4.785088
680	0.960000	4.050789
681	0.640000	5.904404
682	2.240000	5.031424
683	0.640000	4.550519
684	1.280000	3.113432
685	0.640000	5.988360
686	0.000000	5.667675
687	1.280000	4.768583
688	0.960000	5.852220
689	1.920000	4.189057
690	1.920000	6.408605
691	0.640000	3.599033
692	2.880000	5.690160
693	0.320000	5.376513
694	2.240000	5.092614
695	0.320000	4.230120
696	0.640000	3.383877
697	1.280000	2.781385
698	1.920000	5.700075
699	2.560000	5.187939
700	0.960000	2.675789
701	0.320000	2.982686
702	1.920000	4.196715
703	1.280000	5.647319
704	2.240000	5.971919
705	4.160000	8.531634
706	0.960000	7.608971
707	4.800000	9.982840
708	2.880000	8.584364
709	4.480000	7.259745
710	3.520000	8.209925
711	4.160000	8.213621
712	2.880000	7.981093
713	2.240000	7.011933
714	6.400000	9.101556
715	0.000000	5.686537
716	1.280000	6.848714
717	2.240000	8.374636
718	0.320000	9.202225
719	3.520000	9.109195
720	2.560000	8.986645
721	3.840000	8.877711
722	1.280000	7.279285
723	0.320000	6.653616
724	4.480000	8.320783
725	6.080000	9.368606
726	4.800000	9.169993
727	4.160000	9.191424
728	3.200000	7.840108
729	1.600000	5.939182
730	4.800000	9.213982
731	1.920000	7.556791
732	1.920000	8.086807
733	1.280000	6.205380
734	2.240000	7.581553
735	0.960000	8.430798
736	3.840000	7.527907
737	3.200000	8.718781
738	5.440000	8.368541
739	3.200000	8.421662
740	1.920000	8.080673
741	4.480000	9.282024
742	4.480000	8.086875
743	3.200000	7.213313
744	2.240000	6.657582
745	2.240000	7.187792
746	0.320000	7.719591
747	3.520000	7.911688
748	3.200000	8.358753
749	2.880000	7.328311
750	4.800000	9.123979
751	4.160000	9.039032
752	3.840000	8.055894
753	0.000000	6.765044
754	2.560000	7.266209
755	3.200000	7.814146
756	2.880000	10.573049
757	2.560000	8.072421
758	4.800000	10.369833
759	3.520000	8.010586
760	3.200000	8.002626
761	4.160000	9.293244
762	2.240000	10.687917
763	2.560000	9.741199
764	3.520000	10.365451
765	2.560000	8.251176
766	3.520000	7.544234
767	2.880000	8.625528
768	2.240000	6.954685
769	4.480000	9.146292
770	4.480000	9.330900
771	4.480000	9.709130
772	4.800000	9.092001
773	3.200000	7.057617
774	2.560000	5.098146
775	5.120000	9.845214
776	4.480000	8.575751
777	2.880000	5.238945
778	3.840000	8.863041
779	2.240000	7.963694
780	3.200000	6.191866
781	2.240000	7.701026
782	4.800000	10.129071
783	1.600000	7.582852
784	3.840000	7.084861
785	1.920000	4.758809
786	1.280000	2.359293
787	2.880000	4.914687
788	4.480000	6.086874
789	3.200000	5.297182
790	3.520000	5.460292
791	2.240000	4.254450
792	1.600000	4.238849
793	1.920000	4.400811
794	2.560000	4.806765
795	2.240000	3.945381
796	2.880000	4.634554
797	2.560000	5.072182
798	2.560000	4.240924
799	2.880000	5.120840
800	2.560000	5.741403
801	2.240000	3.719150
802	2.560000	5.269151
803	2.560000	5.484098
804	2.880000	4.821442
805	2.240000	4.228219
806	2.880000	4.568634
807	2.240000	4.092384
808	1.600000	3.606648
809	2.880000	5.042708
810	0.320000	4.796476
811	3.520000	5.930483
812	2.560000	6.060332
813	2.240000	4.807529
814	2.880000	6.044645
815	0.960000	4.144806
816	2.880000	6.198929
817	2.560000	4.828347
818	2.560000	5.398312
819	3.520000	6.900778
820	3.520000	6.012647
821	1.280000	3.795163
822	2.240000	4.643254
823	3.520000	6.041099
824	2.560000	5.502614
825	1.920000	3.519440
826	3.520000	6.918560
827	2.880000	6.232313
828	3.200000	5.451174
829	2.240000	4.969522
830	3.840000	6.935259
831	2.240000	5.383414
832	0.320000	2.423270
833	1.920000	3.410084
834	1.600000	3.104198
835	2.240000	4.937097
836	1.600000	5.221866
837	2.880000	5.011790
838	1.920000	4.538220
839	1.600000	5.530691
840	1.280000	3.690749
841	0.960000	3.176385
842	2.240000	5.482475
843	1.920000	4.008224
844	2.560000	3.788796
845	2.240000	3.764268
846	3.520000	5.452882
847	1.920000	3.819483
848	2.240000	4.571252
849	1.600000	3.215923
850	2.240000	4.127310
851	1.600000	3.994029
852	2.560000	5.340559
853	1.920000	4.244903
854	4.160000	7.089012
855	1.280000	3.997516
856	2.560000	4.823536
857	1.280000	4.827160
858	2.560000	4.811958
859	0.320000	4.016743
860	1.920000	4.345736
861	0.960000	3.817103
862	2.880000	4.954092
863	2.240000	3.970591
864	1.600000	3.988881
865	1.920000	4.244903
866	0.320000	1.062943
867	1.280000	4.526325
868	1.280000	3.752055
869	1.600000	3.464677
870	0.320000	1.766283
871	1.280000	3.107648
872	1.600000	3.265899
873	0.640000	2.120387
874	2.560000	4.968917
875	1.280000	3.089619
876	0.960000	3.629570
877	0.320000	1.367603
878	2.560000	3.775121
879	1.600000	4.056673
880	2.880000	5.710012
881	3.200000	5.150839
882	2.240000	4.515979
883	3.200000	5.246611
884	0.960000	2.279575
885	2.560000	6.462369
886	0.960000	3.293299
887	2.880000	5.377289
888	0.320000	1.631558
889	2.560000	4.968098
890	2.560000	5.196956
891	0.320000	2.987237
892	3.520000	5.941869
893	1.920000	4.361061
894	1.600000	3.290369
895	3.200000	5.952533
896	1.920000	4.467560
897	1.920000	4.560329
898	2.240000	4.347022
899	0.320000	5.167982
900	1.600000	3.942019
901	0.960000	3.620979
902	1.920000	4.578630
903	0.320000	2.162230
904	2.560000	5.337575
905	0.960000	3.028033
906	0.960000	2.064618
907	1.600000	3.644821
908	1.920000	6.788433
909	0.640000	8.053775
910	2.880000	7.241045
911	1.280000	7.083733
912	0.320000	7.656928
913	0.320000	7.670300
914	3.200000	9.103111
915	1.600000	7.741864
916	1.280000	7.209396
917	2.560000	7.017491
918	1.920000	7.792105
919	5.440000	10.350953
920	1.920000	8.010414
921	0.640000	7.729117
922	0.960000	7.541376
923	4.480000	10.174077
924	1.600000	6.773779
925	2.240000	7.971530
926	1.920000	8.557098
927	0.960000	8.059503
928	2.880000	9.758018
929	1.920000	7.305230
930	0.640000	8.411008
931	0.640000	8.554252
932	0.960000	7.751908
933	0.640000	8.459007
934	1.920000	8.896696
935	1.280000	8.106253
936	2.240000	9.564362
937	1.600000	8.595346
938	0.320000	8.066539
939	1.600000	8.813599
940	1.280000	9.048065
941	0.960000	9.076965
942	0.320000	8.115008
943	1.280000	6.174183
944	0.640000	7.378919
945	3.840000	9.417245
946	3.200000	7.512581
947	3.840000	8.926908
948	1.600000	8.848716
949	1.280000	9.576340
950	0.640000	9.157499
951	2.880000	9.382842
952	1.600000	8.634909
953	1.920000	9.886555
954	2.560000	8.553827
955	2.880000	8.390033
956	2.240000	8.248228
957	0.320000	7.894089
958	0.000000	8.844223
959	0.960000	9.185457
960	0.320000	8.152206
961	1.280000	8.660730
962	1.280000	8.098728
963	0.320000	8.345881
964	2.240000	8.794670
965	0.320000	7.096400
966	3.840000	8.897712
967	0.640000	7.849769
968	3.840000	8.759109
969	1.280000	7.607073
970	1.920000	8.365090
971	1.280000	5.854944
972	0.320000	7.585293
973	3.200000	9.171447
974	0.320000	8.590758
975	2.880000	8.340617
976	1.920000	8.223570
977	1.920000	8.973551
978	0.320000	7.408457
979	0.960000	7.943234
980	0.320000	7.910671
981	1.920000	8.159001
982	1.920000	9.049766
983	2.560000	7.857803
984	0.960000	7.893621
985	1.600000	8.284611
986	0.000000	6.996038
987	0.320000	8.758271
988	0.960000	8.585501
989	1.600000	9.159130
990	1.600000	8.093290
991	1.600000	3.882207
992	0.000000	3.496509
993	0.960000	4.558485
994	1.600000	4.144841
995	1.920000	3.724125
996	0.320000	1.911327
997	0.320000	2.006207
998	0.960000	2.750489
999	2.560000	5.039666
1000	0.960000	2.936880
1001	0.960000	3.736220
1002	1.920000	3.110678
1003	0.960000	3.638867
1004	0.320000	2.910795
1005	0.000000	4.394577
1006	0.640000	1.075567
1007	0.320000	2.587076
1008	0.960000	3.985952
1009	0.960000	2.874459
1010	0.000000	2.185853
1011	0.320000	3.302404
1012	0.640000	3.663242
1013	1.280000	2.949495
1014	0.640000	2.856500
1015	0.640000	1.162903
1016	0.320000	0.606497
1017	0.320000	2.544813
1018	0.320000	1.140233
1019	0.640000	2.507507
1020	0.640000	1.544865
1021	0.960000	1.825132
1022	0.000000	1.009784
1023	0.640000	2.936340
1024	0.960000	2.541969
1025	0.640000	3.451935
1026	0.000000	2.229985
1027	0.320000	2.653497
1028	1.920000	4.764303
1029	0.640000	2.232675
1030	0.640000	1.506577
1031	0.320000	1.169294
1032	1.280000	4.343708
1033	1.600000	4.023479
1034	0.640000	4.254012
1035	0.960000	3.357664
1036	0.320000	2.877963
1037	0.640000	3.121878
1038	1.920000	4.084072
1039	0.640000	2.653506
1040	2.240000	3.182545
1041	1.600000	3.678802
1042	0.640000	1.375663
1043	0.640000	2.945083
1044	0.000000	0.344625
1045	0.640000	0.926255
1046	1.600000	2.295379
1047	0.640000	3.110660
1048	1.280000	3.479868
1049	0.640000	2.791981
1050	0.000000	2.967303
1051	0.000000	0.727567
1052	0.960000	2.954033
1053	0.640000	2.999963
1054	1.600000	4.183955
1055	2.240000	3.468166
1056	0.000000	2.528391
1057	0.320000	0.657095
1058	1.600000	2.752700
1059	1.600000	3.009060
1060	0.320000	2.196015
