No.	Z Error(mm)	3D Error
1	2.240000	2.636719
2	4.480000	4.641882
3	5.440000	5.642576
4	1.600000	1.914925
5	1.920000	2.350356
6	1.920000	2.517572
7	3.200000	3.449133
8	1.600000	1.760251
9	1.280000	1.829865
10	1.600000	3.983196
11	4.160000	5.195011
12	6.400000	6.616117
13	3.200000	3.400405
14	1.600000	1.737734
15	3.520000	3.936528
16	4.800000	5.093266
17	5.120000	5.336866
18	3.520000	3.975590
19	5.760000	6.085081
20	4.160000	4.774990
21	5.120000	5.348620
22	4.160000	4.277073
23	4.480000	4.913294
24	1.920000	2.825219
25	4.800000	4.943078
26	5.120000	5.542478
27	5.120000	5.476511
28	6.720000	6.856775
29	0.320000	1.811889
30	2.560000	3.566479
31	4.800000	5.207798
32	3.200000	3.422806
33	1.920000	2.705781
34	0.640000	2.094488
35	5.440000	6.053150
36	4.800000	5.554022
37	0.000000	2.557376
38	0.320000	1.171960
39	2.240000	3.251870
40	0.000000	0.000000
41	3.200000	3.699312
42	0.320000	0.858752
43	3.200000	3.382926
44	12.480000	12.641685
45	3.840000	4.104207
46	4.160000	4.484160
47	1.280000	1.854616
48	3.200000	3.365047
49	0.640000	0.908554
50	0.640000	0.921268
51	3.520000	3.560345
52	1.600000	2.542308
53	2.560000	2.600092
54	0.320000	0.460569
55	0.320000	1.212492
56	2.880000	3.109292
57	5.760000	6.285239
58	6.400000	7.293370
59	0.320000	0.981427
60	0.640000	0.683105
61	2.240000	2.329430
62	0.320000	0.363031
63	2.880000	3.032647
64	2.880000	2.968129
65	4.800000	5.117631
66	2.240000	2.433684
67	2.240000	2.269716
68	3.520000	3.655454
69	4.480000	4.763375
70	2.880000	3.111977
71	4.480000	4.624674
72	2.880000	2.963456
73	1.920000	2.581676
74	0.960000	2.117179
75	4.480000	4.711269
76	4.480000	4.625947
77	2.560000	2.669532
78	4.480000	4.682769
79	0.960000	1.271817
80	0.320000	0.569097
81	1.920000	2.105927
82	2.560000	2.985010
83	4.160000	4.817108
84	3.840000	4.420389
85	3.840000	4.506093
86	0.960000	1.249219
87	2.240000	2.436317
88	5.440000	5.574960
89	2.240000	3.039630
90	0.960000	1.768889
91	4.800000	4.840772
92	0.640000	0.793320
93	0.960000	1.453850
94	5.120000	5.414556
95	3.520000	3.683555
96	5.440000	6.241854
97	3.840000	4.379092
98	2.880000	2.953170
99	4.480000	4.544371
100	2.240000	2.492610
101	1.280000	1.554859
102	5.120000	5.181451
103	4.480000	4.705821
104	4.160000	4.268357
105	0.960000	1.256088
106	7.040000	7.530460
107	6.720000	7.225786
108	2.560000	2.898713
109	3.840000	3.978035
110	1.280000	1.943635
111	3.840000	4.006530
112	5.760000	5.933637
113	4.480000	4.628040
114	0.960000	1.145183
115	3.840000	3.958449
116	0.000000	1.290377
117	2.880000	3.001814
118	2.560000	3.175875
119	0.640000	0.845798
120	3.520000	3.913984
121	3.520000	3.900169
122	2.240000	2.361356
123	3.520000	3.846530
124	0.960000	1.037712
125	2.240000	3.478933
126	2.560000	3.033524
127	1.920000	2.111846
128	1.600000	1.699996
129	3.200000	3.535349
130	3.840000	3.928876
131	4.160000	4.584214
132	8.640000	8.841874
133	3.840000	3.888431
134	1.280000	1.870605
135	2.560000	2.964907
136	3.840000	4.045717
137	2.880000	3.066216
138	6.080000	6.607645
139	5.120000	5.614610
140	0.640000	0.670781
141	5.760000	5.964476
142	3.840000	4.054688
143	3.200000	3.704969
144	2.880000	3.034981
145	0.960000	1.108029
146	4.480000	4.713913
147	2.880000	3.027611
148	1.920000	2.079819
149	2.240000	2.375516
150	0.320000	0.626883
151	2.880000	2.971808
152	3.200000	3.457213
153	1.600000	1.642064
154	3.200000	3.540834
155	4.800000	5.088180
156	8.320000	8.452250
157	0.640000	2.140030
158	1.280000	1.386275
159	4.480000	4.694415
160	2.240000	2.272845
161	0.960000	2.097970
162	2.560000	2.783785
163	2.880000	3.086106
164	1.280000	1.677124
165	2.560000	3.170259
166	3.520000	3.617601
167	0.960000	1.916315
168	2.880000	3.447364
169	1.920000	2.795153
170	4.480000	4.652628
171	2.880000	2.983186
172	1.600000	1.624580
173	1.920000	2.378807
174	1.600000	1.620636
175	1.280000	1.465967
176	3.840000	4.075938
177	0.000000	0.971517
178	3.520000	3.616482
179	3.520000	3.986775
180	2.560000	2.840382
181	4.800000	5.157365
182	0.000000	1.468071
183	1.920000	2.679605
184	0.960000	1.036108
185	2.880000	3.133800
186	2.880000	3.005003
187	1.920000	1.970145
188	1.280000	2.401404
189	4.480000	4.609349
190	4.480000	5.123483
191	3.840000	4.477314
192	2.880000	3.456819
193	2.560000	5.450658
194	2.880000	4.162692
195	3.520000	3.961478
196	0.960000	4.795005
197	2.560000	2.628704
198	6.400000	6.710973
199	4.160000	5.047919
200	2.240000	3.066489
201	0.640000	1.894767
202	0.320000	3.162864
203	1.920000	2.511445
204	3.520000	3.802411
205	2.240000	2.833974
206	4.160000	4.836505
207	4.480000	4.833162
208	0.640000	2.635645
209	1.920000	3.381479
210	4.160000	5.103111
211	2.880000	3.173398
212	1.600000	2.758730
213	1.600000	4.039202
214	4.800000	5.185106
215	3.520000	4.916208
216	1.280000	2.604566
217	0.320000	3.140356
218	5.440000	6.297490
219	1.600000	2.542356
220	1.920000	1.941163
221	2.560000	2.681953
222	2.880000	3.032647
223	1.280000	2.317720
224	1.280000	1.327531
225	2.560000	2.788004
226	2.880000	3.118690
227	4.480000	4.624090
228	0.960000	3.462298
229	1.600000	3.342302
230	1.280000	1.758983
231	1.920000	2.042844
232	2.240000	2.639599
233	4.160000	4.382680
234	3.520000	3.575478
235	1.600000	2.211515
236	0.960000	1.408413
237	0.960000	1.059875
238	3.840000	4.257065
239	1.600000	1.772060
240	0.960000	1.349454
241	3.520000	3.667383
242	5.440000	5.839115
243	1.600000	3.338942
244	4.160000	4.273048
245	3.200000	3.278421
246	3.200000	3.390095
247	0.640000	1.053510
248	0.640000	0.766515
249	0.320000	1.262428
250	0.640000	0.746187
251	1.920000	2.404957
252	2.240000	2.268518
253	2.560000	2.708364
254	1.600000	1.635559
255	2.560000	2.670258
256	2.240000	2.354944
257	4.160000	4.346372
258	3.200000	3.388352
259	5.120000	5.134861
260	0.960000	1.051777
261	3.520000	3.624184
262	4.160000	4.245730
263	3.840000	3.918564
264	0.640000	0.710900
265	3.200000	3.293191
266	0.960000	1.077829
267	0.640000	0.690035
268	4.480000	4.586423
269	2.560000	2.650854
270	2.560000	2.626682
271	1.600000	1.827788
272	0.640000	0.800586
273	3.200000	3.334490
274	3.200000	3.447967
275	3.200000	3.319843
276	1.280000	1.394974
277	3.840000	4.066377
278	2.560000	3.071619
279	3.840000	4.031087
280	2.240000	2.350745
281	0.640000	0.803730
282	1.600000	2.310255
283	3.840000	3.963761
284	2.240000	2.506340
285	0.000000	0.039197
286	4.160000	4.470626
287	0.640000	1.673454
288	4.160000	4.646466
289	0.960000	2.731078
290	0.960000	1.032714
291	1.920000	2.235861
292	2.880000	3.145012
293	0.960000	1.053724
294	2.880000	3.933335
295	0.640000	1.527932
296	0.000000	0.823152
297	0.960000	2.680812
298	1.280000	1.967467
299	4.480000	5.138801
300	0.960000	1.152783
301	1.600000	2.209651
302	1.600000	2.082763
303	1.920000	2.084121
304	3.520000	3.876078
305	2.240000	2.922111
306	1.600000	1.956183
307	1.600000	1.740050
308	2.880000	3.201531
309	0.320000	2.523559
310	3.200000	3.355081
311	2.560000	3.047910
312	1.920000	2.911429
313	2.880000	3.545703
314	3.840000	4.266667
315	1.280000	3.063988
316	1.600000	2.970554
317	0.960000	2.767290
318	0.000000	4.524095
319	2.240000	4.969305
320	2.240000	2.870212
321	1.920000	3.473751
322	4.800000	5.080466
323	2.880000	3.903610
324	4.480000	5.016242
325	0.640000	1.278275
326	0.000000	0.149515
327	4.480000	5.527129
328	4.160000	4.647804
329	1.920000	3.536596
330	4.160000	5.141273
331	4.480000	5.613225
332	1.280000	2.199848
333	1.600000	1.869825
334	2.560000	3.056598
335	3.520000	4.018451
336	0.960000	2.158639
337	4.160000	4.725460
338	1.600000	4.011240
339	2.880000	3.716494
340	1.920000	2.568211
341	3.200000	3.495257
342	1.280000	1.478515
343	2.240000	2.592747
344	0.960000	1.270073
345	4.160000	4.455291
346	0.960000	2.123481
347	1.920000	2.175166
348	0.000000	0.852969
349	5.120000	5.664771
350	3.520000	3.884652
351	3.200000	3.528692
352	0.640000	2.195284
353	4.800000	4.998839
354	0.320000	0.480434
355	3.520000	3.977605
356	2.240000	2.252505
357	4.160000	4.823670
358	2.880000	3.197456
359	4.160000	4.313596
360	3.520000	3.579924
361	3.200000	3.437367
362	3.840000	4.075430
363	1.600000	1.627234
364	1.920000	2.102253
365	2.240000	2.299155
366	3.200000	3.663373
367	4.800000	5.155690
368	5.120000	5.450363
369	1.600000	1.886231
370	3.520000	3.677104
371	2.560000	2.694059
372	4.160000	4.273037
373	2.560000	2.890743
374	2.240000	2.289172
375	5.440000	5.570997
376	1.920000	2.031929
377	4.800000	4.973766
378	2.240000	2.370918
379	2.240000	2.567544
380	3.520000	3.672295
381	5.120000	5.278897
382	1.600000	1.755396
383	0.960000	1.021509
384	2.560000	2.643664
385	0.320000	1.335342
386	4.480000	4.793977
387	4.480000	4.797371
388	3.520000	3.853453
389	6.400000	6.774859
390	2.880000	3.048154
391	3.520000	4.092784
392	3.200000	3.371257
393	4.160000	4.390412
394	2.560000	2.577244
395	3.200000	3.541141
396	4.160000	4.381338
397	1.280000	3.344343
398	3.520000	4.300034
399	0.320000	1.802250
400	0.960000	1.713973
401	4.160000	4.319661
402	0.640000	1.157581
403	0.640000	1.381351
404	4.160000	4.496872
405	2.240000	2.768491
406	8.320000	8.553273
407	0.000000	0.178408
408	1.600000	1.770773
409	6.400000	6.591168
410	0.640000	1.282138
411	3.520000	4.044302
412	4.480000	4.876033
413	1.600000	1.784438
414	1.920000	2.305318
415	0.000000	1.139262
416	2.880000	3.191806
417	3.520000	3.766453
418	1.280000	1.434026
419	1.600000	1.825794
420	4.160000	4.504262
421	4.480000	4.631291
422	0.320000	0.899011
423	5.120000	5.369543
424	5.760000	6.181436
425	4.480000	5.168859
426	5.440000	5.885654
427	1.920000	2.741373
428	0.960000	1.492090
429	3.520000	3.655286
430	4.160000	4.367314
431	2.240000	2.401967
432	1.280000	2.534526
433	3.840000	3.933927
434	5.120000	5.349840
435	0.960000	1.028875
436	3.840000	3.982337
437	1.920000	2.407542
438	2.240000	2.560580
439	0.960000	1.039492
440	1.920000	2.088265
441	3.520000	3.796231
442	2.560000	2.732615
443	3.520000	3.711645
444	0.640000	0.795105
445	0.000000	0.150297
446	0.320000	0.550538
447	0.320000	0.890308
448	0.640000	1.883329
449	2.880000	2.989506
450	1.920000	2.060018
451	0.320000	0.559266
452	2.560000	2.847501
453	2.880000	3.200624
454	1.600000	1.928347
455	0.640000	1.099177
456	3.520000	3.775443
457	0.960000	1.703020
458	0.960000	1.706406
459	1.920000	2.598670
460	3.200000	3.659869
461	2.240000	2.409038
462	0.960000	1.157588
463	3.200000	3.575301
464	0.960000	1.029299
465	1.280000	1.830947
466	2.560000	3.041906
467	4.800000	5.234381
468	3.200000	3.557166
469	1.280000	2.207264
470	1.280000	1.644047
471	1.920000	2.443629
472	2.240000	2.603712
473	0.960000	1.158022
474	0.640000	1.169436
475	4.160000	4.348961
476	2.880000	3.406430
477	2.880000	3.179908
478	3.840000	4.283282
479	1.600000	1.981524
480	1.280000	1.346990
481	4.160000	4.362971
482	0.960000	1.039381
483	4.480000	5.034599
484	1.280000	2.142721
485	0.320000	1.186129
486	0.320000	1.925977
487	0.000000	0.762748
488	2.880000	3.145840
489	2.560000	2.839166
490	1.920000	2.037038
491	0.640000	0.801454
492	2.240000	2.256661
493	2.560000	2.778072
494	1.280000	1.613856
495	1.280000	2.182348
496	1.280000	1.368439
497	1.280000	2.001407
498	2.240000	2.343888
499	0.000000	1.492132
500	4.160000	4.360875
501	2.240000	2.320621
502	2.880000	3.101450
503	0.960000	1.012201
504	2.880000	3.476701
505	0.640000	1.090357
506	0.000000	1.063874
507	0.960000	1.758211
508	3.200000	3.915002
509	4.480000	4.908930
510	0.000000	2.799140
511	1.280000	2.002373
512	1.280000	1.386528
513	1.920000	2.472281
514	0.960000	2.074883
515	0.320000	0.413883
516	0.960000	1.970294
517	2.880000	3.806607
518	2.880000	3.118018
519	0.320000	2.470501
520	3.200000	3.514530
521	2.560000	3.691523
522	0.640000	1.942240
523	0.960000	2.845186
524	2.880000	4.554251
525	1.600000	2.966096
526	1.280000	3.144692
527	2.880000	4.771108
528	5.120000	5.675468
529	3.520000	4.278824
530	0.320000	2.846289
531	2.560000	3.163265
532	0.960000	1.100362
533	2.240000	2.342303
534	4.800000	4.914496
535	3.200000	3.769195
536	4.800000	5.083975
537	4.480000	4.518930
538	2.880000	3.002503
539	4.800000	4.849120
540	0.960000	2.315588
541	0.000000	1.994850
542	3.200000	3.940302
543	0.640000	1.545223
544	5.760000	5.909221
545	1.920000	3.079298
546	0.960000	1.469452
547	3.840000	3.845232
548	4.480000	4.667976
549	1.920000	2.265637
550	2.880000	3.110434
551	0.320000	1.353004
552	1.280000	1.700627
553	1.280000	1.315334
554	4.800000	5.059277
555	2.880000	2.955420
556	0.960000	1.197711
557	2.240000	2.535074
558	0.000000	0.192582
559	1.600000	1.721062
560	2.880000	3.020357
561	1.920000	2.154641
562	0.320000	1.106907
563	3.520000	3.532232
564	3.840000	4.021118
565	2.240000	2.563147
566	2.880000	3.324384
567	4.480000	4.641256
568	2.560000	2.654399
569	2.880000	3.491658
570	2.880000	3.060247
571	5.440000	5.677387
572	2.880000	3.440340
573	2.560000	2.664881
574	2.240000	2.348421
575	0.640000	1.778979
576	4.480000	4.559453
577	1.920000	2.327114
578	1.920000	2.680714
579	8.320000	8.437463
580	2.880000	3.176843
581	6.400000	6.608023
582	1.920000	2.201283
583	2.880000	3.156103
584	0.960000	2.428475
585	0.000000	1.250071
586	0.000000	1.075791
587	1.600000	1.684160
588	5.440000	5.859894
589	3.200000	3.322978
590	3.200000	3.473021
591	2.880000	3.451291
592	3.840000	4.182216
593	2.240000	2.427260
594	0.960000	1.003435
595	3.200000	3.528234
596	1.920000	3.419412
597	3.520000	3.831972
598	4.480000	4.780823
599	0.960000	3.231811
600	1.600000	2.201941
601	0.960000	1.624665
602	0.960000	2.426725
603	1.600000	2.202709
604	3.200000	3.391364
605	2.240000	2.809048
606	1.600000	2.043228
607	0.320000	0.908663
608	3.200000	3.678498
609	5.120000	5.539858
610	3.520000	4.381895
611	2.880000	3.309620
612	4.160000	4.499445
613	2.560000	3.474734
614	3.520000	3.832809
615	4.480000	5.023828
616	2.560000	3.071298
617	5.440000	6.077999
618	6.400000	7.030346
619	4.160000	4.992378
620	3.200000	3.471306
621	2.560000	3.961532
622	5.440000	5.869162
623	2.880000	3.390944
624	2.560000	3.680787
625	2.240000	2.492733
626	2.880000	3.549433
627	3.520000	4.408903
628	2.880000	3.382003
629	3.520000	4.421640
630	4.800000	5.106213
631	4.160000	4.785900
632	2.560000	2.879415
633	1.600000	2.306273
634	3.840000	4.139133
635	3.200000	3.782626
636	3.520000	4.193656
637	5.760000	6.280018
638	6.400000	6.805009
639	5.760000	5.976451
640	4.160000	4.266865
641	4.480000	4.584862
642	3.840000	4.151001
643	5.120000	5.258389
644	5.440000	5.708375
645	3.200000	3.322795
646	2.240000	2.393702
647	5.120000	5.457985
648	2.560000	2.664371
649	3.840000	4.164421
650	3.200000	3.693408
651	5.760000	6.246353
652	4.480000	4.779610
653	3.840000	4.295053
654	6.080000	6.585434
655	2.560000	3.011463
656	4.160000	4.786005
657	1.920000	2.528367
658	0.000000	2.140684
659	6.080000	6.313681
660	1.920000	3.188936
661	2.560000	2.640740
662	0.640000	0.817666
663	1.920000	1.983243
664	3.840000	4.323682
665	0.320000	2.066301
666	2.880000	3.345299
667	0.000000	1.982226
668	3.840000	3.965448
669	3.840000	4.018642
670	4.800000	5.475344
671	1.920000	2.442053
672	5.120000	5.448199
673	0.640000	2.908665
674	6.400000	6.595596
675	6.080000	6.492335
676	2.240000	2.713751
677	2.240000	2.340734
678	1.280000	2.626663
679	4.160000	4.635451
680	5.120000	5.505471
681	6.400000	7.187758
682	5.120000	5.865560
683	5.760000	6.221580
684	4.800000	4.972600
685	5.120000	5.687099
686	6.400000	6.659109
687	1.600000	2.146102
688	5.760000	6.218298
689	5.760000	6.467163
690	4.800000	5.647413
691	5.760000	5.984204
692	5.440000	6.259920
693	5.760000	6.123180
694	1.600000	2.049289
695	2.880000	3.663112
696	5.120000	5.582411
697	6.080000	6.699146
698	3.520000	3.723618
699	3.840000	4.118350
700	4.480000	5.221383
701	3.840000	3.970844
702	6.400000	6.888610
703	4.800000	4.910913
704	1.280000	2.554457
705	0.960000	1.173230
706	2.880000	3.095463
707	3.200000	3.698391
708	3.520000	3.616910
709	2.240000	2.350332
710	5.120000	5.586971
711	3.200000	3.480403
712	1.280000	2.856017
713	3.520000	3.614293
714	2.560000	3.176316
715	2.880000	2.994153
716	1.280000	1.434862
717	2.560000	3.361585
718	3.520000	3.800149
719	3.200000	3.358219
720	5.120000	5.449779
721	5.760000	6.060969
722	4.160000	4.370349
723	3.840000	3.975311
724	0.320000	2.618880
725	2.560000	3.590633
726	3.520000	3.807408
727	3.200000	4.018330
728	7.360000	7.744729
729	3.520000	3.793735
730	3.200000	3.315031
731	5.440000	5.628471
732	3.840000	4.182279
733	1.600000	2.841273
734	2.240000	2.414119
735	4.480000	5.140118
736	5.760000	6.020085
737	2.880000	2.970626
738	2.560000	3.081667
739	4.800000	5.048310
740	2.240000	2.298756
741	1.920000	3.272780
742	3.840000	4.005548
743	4.480000	4.615921
744	4.160000	4.266426
745	6.080000	6.329351
746	4.800000	5.013332
747	6.080000	6.286999
748	2.880000	3.050031
749	2.560000	3.681710
750	5.760000	6.060980
751	3.200000	3.499298
752	4.480000	4.609342
753	4.480000	4.724941
754	4.480000	4.630614
755	4.480000	4.819270
756	0.960000	1.816339
757	3.520000	3.834933
758	5.760000	5.998291
759	2.560000	2.675934
760	1.280000	2.027516
761	2.560000	3.357750
762	0.640000	0.898786
763	0.320000	3.618387
764	1.600000	1.744161
765	5.440000	5.998929
766	4.480000	4.839053
767	4.480000	4.881660
768	2.240000	3.143926
769	4.800000	4.947633
770	2.560000	3.063498
771	4.480000	5.115404
772	4.480000	4.829927
773	3.200000	4.151848
774	1.920000	2.585465
775	1.920000	2.185378
776	4.160000	4.668952
777	5.120000	5.493721
778	1.600000	2.645870
779	2.560000	2.926729
780	4.800000	5.402922
781	1.600000	2.218568
782	1.280000	2.082878
783	1.600000	2.433189
784	1.600000	1.781609
785	1.600000	1.694044
786	4.800000	4.968898
787	0.320000	0.522683
788	0.640000	0.943318
789	2.560000	2.759857
790	0.640000	0.892598
791	0.960000	1.005772
792	0.000000	0.202735
793	0.640000	0.675631
794	0.640000	0.683872
795	1.280000	1.809183
796	2.560000	3.157764
797	1.920000	2.499200
798	1.600000	2.982369
799	0.960000	2.014726
800	0.960000	1.043056
801	0.640000	1.573801
802	0.960000	1.348740
803	1.280000	1.384813
804	2.240000	2.349159
805	2.880000	3.159776
806	0.000000	0.111660
807	2.880000	3.337518
808	2.560000	2.861435
809	1.600000	1.996586
810	2.240000	2.689049
811	1.280000	1.386820
812	3.200000	3.951811
813	2.560000	3.581067
814	0.960000	2.780129
815	4.800000	5.143208
816	3.520000	3.965894
817	2.240000	2.467484
818	3.520000	4.369414
819	0.960000	1.702421
820	3.200000	3.535320
821	0.640000	0.699618
822	3.520000	3.772548
823	1.920000	2.389003
824	1.280000	2.536243
825	4.480000	4.776207
826	3.520000	5.356232
827	2.880000	3.150985
828	0.960000	2.588882
829	3.840000	3.935056
830	1.600000	2.221219
831	1.920000	2.346589
832	0.000000	0.126983
833	1.280000	1.804040
834	4.160000	4.471521
835	1.600000	1.678469
836	0.320000	1.304045
837	0.320000	0.675343
838	2.240000	2.600421
839	4.160000	4.285744
840	4.480000	5.049786
841	2.880000	3.124009
842	0.320000	0.963494
843	5.440000	5.529559
844	3.520000	3.966628
845	3.200000	3.381310
846	2.880000	2.970479
847	2.560000	2.657573
848	1.280000	1.561862
849	1.920000	2.034205
850	1.600000	1.882327
851	0.000000	0.113732
852	1.280000	1.362842
853	3.840000	4.033996
854	2.240000	2.320168
855	2.560000	2.738021
856	2.240000	2.320672
857	1.920000	2.090038
858	0.320000	1.119181
859	1.600000	2.213749
860	4.160000	4.474932
861	3.840000	4.241603
862	1.920000	2.191328
863	2.240000	2.569601
864	3.520000	3.696979
865	3.840000	3.923061
866	1.600000	2.452831
867	2.880000	3.117041
868	3.840000	4.318664
869	3.200000	3.475016
870	1.920000	2.634621
871	2.240000	2.780057
872	1.920000	2.435359
873	3.200000	3.273142
874	1.280000	1.370809
875	3.840000	4.378182
876	2.880000	3.129953
877	4.160000	4.943549
878	0.960000	3.063506
879	5.120000	5.333545
880	4.800000	5.047969
881	4.160000	4.557974
882	1.600000	3.441917
883	2.560000	3.508463
884	3.520000	5.353870
885	3.520000	4.122372
886	4.800000	5.373119
887	2.240000	3.669020
888	1.280000	1.396654
889	1.600000	2.318136
890	3.520000	3.998440
891	3.840000	4.220355
892	0.320000	3.358083
893	3.200000	4.116280
894	4.480000	4.980501
895	4.160000	4.362528
896	2.880000	3.750378
897	1.920000	2.731639
898	5.120000	5.707463
899	2.880000	3.313313
900	2.880000	3.632176
901	3.200000	3.605118
902	0.960000	2.658391
903	3.520000	4.416770
904	3.840000	4.282450
905	4.480000	4.745258
906	3.520000	4.637107
907	1.280000	3.049422
908	6.400000	6.481989
909	7.040000	7.409796
910	5.120000	5.169948
911	5.440000	5.488474
912	2.560000	2.782661
913	9.280000	9.512669
914	0.640000	0.794005
915	2.560000	2.717104
916	9.280000	9.524871
917	5.120000	5.322066
918	4.800000	5.019872
919	6.080000	6.207398
920	5.120000	5.423553
921	4.800000	5.113816
922	6.720000	6.912009
923	6.080000	6.316252
924	2.560000	2.782661
925	3.200000	3.654184
926	4.160000	4.556339
927	4.160000	4.262734
928	3.520000	3.624564
929	6.080000	6.271608
930	3.840000	3.906762
931	4.480000	4.672826
932	6.080000	6.367861
933	5.760000	5.905751
934	8.000000	8.252209
935	3.840000	4.140834
936	5.760000	5.790405
937	2.880000	3.463521
938	4.800000	5.077235
939	4.800000	5.050024
940	2.240000	2.416144
941	3.520000	4.049133
942	5.760000	5.835488
943	8.000000	8.133367
944	6.720000	7.098029
945	5.760000	5.932765
946	5.760000	5.879837
947	5.760000	6.053165
948	3.520000	3.754752
949	3.520000	3.585342
950	3.520000	3.591273
951	8.000000	8.146610
952	6.400000	6.513558
953	4.800000	4.933540
954	2.560000	2.699801
955	1.280000	1.629960
956	2.240000	2.507791
957	5.120000	5.291037
958	0.000000	0.064328
959	7.040000	7.297579
960	1.280000	1.978542
961	2.560000	3.427820
962	0.320000	1.336317
963	5.120000	5.381366
964	6.720000	6.855416
965	1.920000	2.534096
966	2.880000	3.623745
967	5.440000	5.779573
968	5.760000	6.056078
969	5.440000	5.778549
970	0.640000	2.179125
971	6.400000	6.526222
972	5.120000	5.521280
973	2.240000	2.708669
974	1.600000	1.893885
975	4.480000	4.706297
976	3.200000	3.426313
977	2.240000	2.895226
978	0.960000	1.383497
979	4.160000	4.192946
980	3.200000	3.369263
981	6.080000	6.485663
982	0.320000	0.604838
983	1.600000	1.733580
984	7.680000	7.832223
985	0.960000	1.344366
986	3.520000	3.612831
987	3.840000	3.929485
988	5.440000	5.635127
989	4.800000	5.094741
990	4.800000	5.313624
991	2.240000	2.687033
992	0.000000	1.896553
993	3.200000	3.653528
994	2.240000	2.699441
995	0.640000	3.383850
996	1.600000	1.851639
997	0.640000	1.493005
998	3.200000	3.474052
999	2.880000	3.292991
1000	3.840000	4.186463
1001	0.640000	1.576101
1002	2.240000	2.757312
1003	2.240000	2.728746
1004	2.880000	3.209601
1005	2.240000	2.801824
1006	1.920000	2.071079
1007	2.560000	2.916227
1008	3.520000	3.842899
1009	2.880000	3.224975
1010	1.600000	2.933048
1011	1.600000	2.411395
1012	3.520000	3.648356
1013	1.280000	1.738939
1014	0.960000	1.041370
1015	0.000000	1.373614
1016	2.560000	2.872271
1017	1.280000	2.321086
1018	0.320000	1.397224
1019	3.840000	4.216371
1020	0.640000	1.367870
1021	0.640000	2.210573
1022	0.640000	1.812460
1023	2.560000	3.023987
1024	0.960000	1.206739
1025	0.640000	3.001374
1026	1.600000	2.153863
1027	1.600000	2.260878
1028	0.000000	1.187290
1029	0.640000	0.807868
1030	0.960000	1.086044
1031	2.880000	3.516743
1032	0.320000	1.541470
1033	2.240000	3.088388
1034	0.960000	1.200284
1035	1.280000	1.561147
1036	2.880000	3.123070
1037	1.280000	1.729025
1038	2.880000	3.684190
1039	3.840000	4.596363
1040	1.600000	2.739309
1041	2.240000	2.814901
1042	4.800000	5.440520
1043	0.640000	0.801450
1044	2.560000	2.932751
1045	3.520000	3.867007
1046	4.160000	4.413839
1047	0.320000	2.586133
1048	2.560000	2.924440
1049	1.280000	1.758983
1050	1.280000	1.592995
1051	3.520000	4.244703
1052	0.320000	1.069636
1053	2.560000	2.976297
1054	0.960000	1.266207
1055	3.200000	3.572886
1056	0.000000	1.403857
1057	3.520000	3.930567
1058	3.840000	4.909517
1059	2.560000	3.014978
1060	2.240000	2.734553
