No.	Z Error(mm)	3D Error
1	1.600000	5.576372
2	0.320000	1.562281
3	0.960000	1.726986
4	0.960000	1.997376
5	1.600000	4.568363
6	1.600000	2.698323
7	0.960000	1.806060
8	0.960000	2.309486
9	0.320000	1.705502
10	1.920000	3.569053
11	4.480000	8.440947
12	3.520000	5.546200
13	1.280000	2.029315
14	0.640000	1.356438
15	0.000000	0.817723
16	0.320000	0.939674
17	0.320000	1.175337
18	0.960000	1.965667
19	0.960000	1.613648
20	2.560000	4.375631
21	4.160000	7.447353
22	1.280000	2.367649
23	0.000000	1.684514
24	0.320000	0.868333
25	1.600000	4.709284
26	0.640000	2.585702
27	1.280000	2.299113
28	2.240000	3.097835
29	3.840000	6.043589
30	4.160000	6.316981
31	1.920000	4.023591
32	1.280000	2.129731
33	0.000000	1.936644
34	0.640000	1.278637
35	1.280000	2.023565
36	0.320000	2.113296
37	1.920000	3.207542
38	1.920000	3.266202
39	2.880000	4.499995
40	1.600000	2.337680
41	0.000000	1.534022
42	0.000000	1.120736
43	0.640000	1.778850
44	0.960000	2.353738
45	0.320000	2.308084
46	1.600000	3.184813
47	1.600000	3.269938
48	0.640000	2.930263
49	0.640000	4.600778
50	0.320000	0.482881
51	0.320000	3.359119
52	1.600000	3.402337
53	0.000000	1.454755
54	0.960000	2.514491
55	1.600000	4.041556
56	1.280000	4.889769
57	0.320000	0.747512
58	0.960000	2.164358
59	1.920000	3.911469
60	0.000000	0.592663
61	1.600000	4.025621
62	0.000000	2.251118
63	2.240000	3.674833
64	2.560000	5.909388
65	1.280000	4.404023
66	2.240000	4.781792
67	0.320000	0.765629
68	0.640000	1.689274
69	0.320000	1.121125
70	1.600000	4.027134
71	0.320000	2.426451
72	2.560000	3.659975
73	1.920000	4.232063
74	1.920000	3.982758
75	1.600000	3.292483
76	1.600000	3.910651
77	0.640000	1.822426
78	2.240000	4.494169
79	0.000000	1.186541
80	1.920000	3.428703
81	1.920000	2.769879
82	1.280000	3.036460
83	0.640000	2.046818
84	0.640000	1.781444
85	0.320000	0.889616
86	0.640000	1.277308
87	1.600000	2.898352
88	3.520000	5.417519
89	2.880000	4.890041
90	2.560000	4.532785
91	1.280000	3.574379
92	1.280000	2.712715
93	0.640000	1.220325
94	2.560000	3.856780
95	1.600000	2.445410
96	1.280000	3.091530
97	3.200000	5.628766
98	0.640000	1.285604
99	0.960000	1.855488
100	1.920000	3.804740
101	0.640000	1.297150
102	0.960000	3.687599
103	0.640000	1.746439
104	0.000000	0.277055
105	0.000000	1.140999
106	0.960000	2.662337
107	0.320000	1.647909
108	0.320000	1.159545
109	0.000000	0.504841
110	3.840000	7.240143
111	2.880000	4.772611
112	2.560000	4.150353
113	3.200000	4.788437
114	1.280000	3.595209
115	1.280000	4.055929
116	0.960000	3.099715
117	1.920000	2.908365
118	1.600000	3.576129
119	1.920000	3.073813
120	1.600000	3.023411
121	0.960000	1.775300
122	0.320000	1.436288
123	1.600000	3.353587
124	1.920000	3.338908
125	1.600000	4.436150
126	3.200000	6.541242
127	0.320000	3.291031
128	3.840000	8.265899
129	0.320000	1.050939
130	0.320000	1.269538
131	0.000000	0.225910
132	1.280000	2.707686
133	1.280000	1.947415
134	0.960000	2.074406
135	0.320000	1.597513
136	4.160000	8.765248
137	0.320000	1.617390
138	0.640000	1.179173
139	0.320000	0.563966
140	0.640000	1.177072
141	1.280000	2.604805
142	0.640000	1.259543
143	1.280000	3.420241
144	1.280000	4.112080
145	0.960000	2.279326
146	0.640000	1.214984
147	0.320000	1.006414
148	0.000000	3.787697
149	0.640000	1.853216
150	0.000000	1.085901
151	0.320000	0.946904
152	0.960000	2.140124
153	0.960000	2.457266
154	2.240000	4.649952
155	0.640000	1.110577
156	0.960000	1.984099
157	0.000000	1.007894
158	0.960000	2.689319
159	1.600000	3.466433
160	2.560000	3.916651
161	0.640000	1.219830
162	0.640000	1.591967
163	0.960000	2.099579
164	0.960000	2.120981
165	1.280000	2.803974
166	0.960000	1.768130
167	0.960000	2.439051
168	0.640000	1.691063
169	1.280000	2.887285
170	2.560000	4.215236
171	1.600000	3.435027
172	1.920000	4.611882
173	1.280000	2.717577
174	0.320000	7.725526
175	0.000000	0.154144
176	1.280000	2.298848
177	1.600000	3.372038
178	1.280000	3.046278
179	1.920000	3.503849
180	0.000000	1.181926
181	1.280000	2.748114
182	1.920000	3.820812
183	0.640000	0.983841
184	1.600000	4.115480
185	0.640000	1.349505
186	0.640000	2.408436
187	0.960000	1.644575
188	0.640000	1.079042
189	1.280000	2.583680
190	0.960000	2.016063
191	0.640000	1.424978
192	0.960000	2.382221
193	1.280000	2.769556
194	1.280000	3.422837
195	2.240000	3.731193
196	0.960000	2.391040
197	1.280000	3.865227
198	0.960000	2.710487
199	1.280000	2.640627
200	0.000000	2.576304
201	0.320000	1.231961
202	0.640000	2.075161
203	0.960000	3.013141
204	1.600000	3.797717
205	0.640000	1.031290
206	0.320000	1.937859
207	0.640000	2.151721
208	1.600000	3.707407
209	0.640000	1.520803
210	1.920000	3.982063
211	0.320000	2.073836
212	0.960000	3.472848
213	0.640000	1.810689
214	1.280000	3.151220
215	0.320000	0.611940
216	0.000000	1.482013
217	0.960000	2.246848
218	1.280000	2.575224
219	0.960000	2.485952
220	1.920000	3.061101
221	3.520000	7.812885
222	1.280000	3.699188
223	1.600000	3.754821
224	0.960000	2.280931
225	1.280000	2.903938
226	0.960000	2.026194
227	0.000000	0.909543
228	0.960000	1.958097
229	0.640000	1.054128
230	0.640000	1.783224
231	0.960000	3.447846
232	2.560000	5.055812
233	0.960000	3.265452
234	1.920000	3.090231
235	0.640000	3.608376
236	0.000000	1.619312
237	0.960000	2.606018
238	0.000000	1.120736
239	1.920000	2.914247
240	0.640000	1.098721
241	1.600000	2.659479
242	1.280000	3.893806
243	0.320000	0.772362
244	0.000000	0.792930
245	0.960000	2.253379
246	0.320000	1.959936
247	0.320000	2.734790
248	0.960000	2.309098
249	0.960000	1.629679
250	0.960000	1.808788
251	0.960000	1.846864
252	1.280000	1.918127
253	1.280000	2.787420
254	0.960000	3.642887
255	0.640000	3.406311
256	0.640000	2.851363
257	1.280000	2.777264
258	3.520000	8.130491
259	2.880000	5.202638
260	3.200000	5.462785
261	2.880000	5.266415
262	0.960000	3.253041
263	4.160000	7.565632
264	3.200000	6.461970
265	3.200000	5.776400
266	2.560000	6.612949
267	2.560000	5.075044
268	3.200000	6.340861
269	0.320000	0.847375
270	4.160000	8.320896
271	3.520000	6.653310
272	0.320000	3.395877
273	0.320000	2.459794
274	0.960000	1.831402
275	1.600000	2.408635
276	1.920000	3.829649
277	0.640000	0.911554
278	0.640000	2.203751
279	0.640000	2.557172
280	0.640000	1.240998
281	0.640000	2.015754
282	1.600000	2.767378
283	0.640000	2.090701
284	0.960000	2.246331
285	0.320000	1.258079
286	1.280000	2.453161
287	1.280000	2.458147
288	1.280000	2.301388
289	0.640000	1.160942
290	0.000000	2.152603
291	2.240000	4.615091
292	1.600000	3.710658
293	0.640000	1.154783
294	0.640000	2.547446
295	0.640000	1.140143
296	1.600000	3.096866
297	0.320000	1.038733
298	0.960000	1.863098
299	0.960000	1.531619
300	0.320000	0.920811
301	0.960000	4.536527
302	0.320000	3.217983
303	0.000000	4.087695
304	1.600000	3.205169
305	1.920000	3.894963
306	2.240000	4.639233
307	0.000000	2.132741
308	1.280000	2.173955
309	1.280000	2.225082
310	2.240000	4.969151
311	1.920000	4.377891
312	1.600000	4.659107
313	2.560000	4.726395
314	0.640000	3.159327
315	0.960000	2.151855
316	1.920000	3.805408
317	2.880000	5.338263
318	1.600000	2.919582
319	3.200000	6.678603
320	0.960000	3.880273
321	1.280000	3.140748
322	0.320000	1.684532
323	2.560000	5.324119
324	0.320000	2.166406
325	0.320000	0.593934
326	1.920000	4.473419
327	0.640000	1.979903
328	1.920000	4.444920
329	0.640000	1.276408
330	0.960000	1.568984
331	0.640000	1.227563
332	0.960000	2.377754
333	0.320000	0.615236
334	0.960000	2.414715
335	0.320000	2.550095
336	2.560000	6.750546
337	0.960000	2.727373
338	0.960000	2.256621
339	0.320000	1.471267
340	0.000000	0.883282
341	1.280000	2.445398
342	2.560000	5.352663
343	0.960000	2.713234
344	2.240000	6.023106
345	0.960000	2.546691
346	0.960000	2.362458
347	0.960000	2.912949
348	0.320000	1.614344
349	0.960000	2.707876
350	0.960000	2.088071
351	0.000000	0.604582
352	1.600000	3.052299
353	0.640000	1.075278
354	0.320000	1.623547
355	0.000000	1.540973
356	0.640000	1.354596
357	1.600000	4.806501
358	0.640000	2.165901
359	0.960000	2.696229
360	1.600000	3.845389
361	1.600000	4.704271
362	1.600000	3.144586
363	0.000000	2.230638
364	0.960000	2.258615
365	0.000000	1.966109
366	0.640000	3.361247
367	0.960000	2.197320
368	0.960000	3.916959
369	0.640000	1.594906
370	0.640000	3.042708
371	0.000000	2.436891
372	2.560000	5.605741
373	0.640000	2.630433
374	0.320000	2.302038
375	0.960000	3.741532
376	0.640000	2.254753
377	0.320000	1.051213
378	0.640000	2.107753
379	1.600000	3.050941
380	0.640000	2.363295
381	0.960000	2.041802
382	0.320000	2.636351
383	1.280000	3.030361
384	0.960000	3.190807
385	0.320000	2.457702
386	0.000000	2.234223
387	0.640000	3.536640
388	1.920000	3.969179
389	1.920000	3.952393
390	0.320000	0.585024
391	0.320000	2.526986
392	1.920000	3.651782
393	0.320000	1.379757
394	0.960000	2.525868
395	0.320000	2.592313
396	0.320000	2.227538
397	0.640000	1.061126
398	0.960000	3.089816
399	0.000000	2.606640
400	0.320000	2.439947
401	0.000000	1.960383
402	0.320000	0.811861
403	0.960000	2.764005
404	0.320000	1.048741
405	1.280000	3.245839
406	1.280000	3.232290
407	0.320000	1.302322
408	1.280000	1.977640
409	0.320000	0.754328
410	0.320000	1.429055
411	0.320000	3.350224
412	0.320000	2.609669
413	0.320000	1.489185
414	0.960000	2.815475
415	0.000000	0.974037
416	0.000000	0.732890
417	0.640000	3.578255
418	0.000000	1.606665
419	0.000000	2.142083
420	0.960000	3.220295
421	0.320000	2.103319
422	0.640000	2.841736
423	0.640000	1.899264
424	0.640000	4.105522
425	0.960000	3.570344
426	0.640000	1.660521
427	0.320000	1.569507
428	0.000000	2.784125
429	0.320000	3.243437
430	0.960000	4.754226
431	0.320000	0.666350
432	0.640000	1.350836
433	2.880000	4.316208
434	2.880000	4.513459
435	4.480000	6.735401
436	3.520000	6.467983
437	4.160000	6.457393
438	0.960000	1.604640
439	2.560000	4.731727
440	2.880000	5.209942
441	2.240000	3.904219
442	3.520000	5.605523
443	2.880000	5.235914
444	1.920000	3.690462
445	3.840000	6.616843
446	2.560000	4.374919
447	2.880000	4.569543
448	1.280000	1.880424
449	3.200000	5.147782
450	1.600000	2.650968
451	1.600000	2.449214
452	0.640000	1.757522
453	0.960000	1.969525
454	0.960000	2.007945
455	2.560000	4.225731
456	0.960000	1.809952
457	1.920000	3.181208
458	1.920000	2.857019
459	1.600000	2.584910
460	1.280000	2.454281
461	0.640000	1.915555
462	1.600000	2.268991
463	1.920000	3.211826
464	1.280000	2.412726
465	1.600000	3.243660
466	1.920000	2.962124
467	1.920000	3.405986
468	0.960000	2.682213
469	1.920000	3.834044
470	1.920000	2.734725
471	2.240000	4.329329
472	0.640000	2.010860
473	2.240000	3.474141
474	1.280000	2.946504
475	3.840000	6.255658
476	1.280000	2.360101
477	0.960000	2.194058
478	2.560000	4.349500
479	1.920000	3.211826
480	0.320000	0.912009
481	0.960000	1.638118
482	0.640000	1.470830
483	1.600000	3.160917
484	1.280000	3.438499
485	1.280000	2.369017
486	1.280000	2.054432
487	2.560000	4.164293
488	0.320000	0.955858
489	1.920000	2.721324
490	2.240000	4.447543
491	2.560000	3.904144
492	2.880000	3.718744
493	0.960000	2.606928
494	4.480000	7.305686
495	2.240000	4.144592
496	2.240000	3.954943
497	0.960000	3.750036
498	0.320000	2.579845
499	3.200000	5.651941
500	0.640000	1.608167
501	1.280000	2.136850
502	2.240000	4.825265
503	1.920000	3.166266
504	1.920000	3.670712
505	0.640000	1.933786
506	3.200000	5.741267
507	0.960000	2.140105
508	3.840000	6.882817
509	2.240000	3.942128
510	2.560000	4.357475
511	0.640000	1.300734
512	3.840000	6.631418
513	2.880000	5.050815
514	0.640000	4.634860
515	1.600000	2.974054
516	3.520000	6.755737
517	3.200000	6.040221
518	1.280000	2.565431
519	1.920000	3.671814
520	1.920000	3.564433
521	2.560000	4.352315
522	1.920000	3.397526
523	1.280000	3.676337
524	1.920000	3.692903
525	1.600000	2.807243
526	2.240000	4.034168
527	2.560000	4.670638
528	0.320000	1.791270
529	1.920000	3.158984
530	1.280000	2.559746
531	0.320000	1.278955
532	1.600000	4.850596
533	1.280000	3.692562
534	0.320000	1.977220
535	0.960000	1.896221
536	1.280000	2.981904
537	0.000000	0.306661
538	0.000000	1.123000
539	0.640000	3.631930
540	1.920000	4.518279
541	0.320000	1.365654
542	0.320000	3.776290
543	0.320000	0.983362
544	0.000000	0.606643
545	1.280000	2.971816
546	0.320000	1.227817
547	0.640000	2.426687
548	2.560000	5.589646
549	3.200000	7.699571
550	1.600000	3.845542
551	0.960000	2.328751
552	0.640000	1.706312
553	0.640000	1.613385
554	0.640000	1.363700
555	0.640000	1.689735
556	1.600000	4.285692
557	2.240000	5.912331
558	2.880000	5.914860
559	0.640000	2.053233
560	2.240000	5.342626
561	1.920000	4.224160
562	1.600000	3.905750
563	1.280000	3.564473
564	2.240000	4.567551
565	0.640000	1.965165
566	1.280000	2.676805
567	0.960000	2.262346
568	0.960000	2.279505
569	0.320000	1.348390
570	0.320000	1.375226
571	0.640000	3.642881
572	0.320000	3.026587
573	1.600000	3.254623
574	1.600000	3.434143
575	0.640000	1.627513
576	2.560000	6.339845
577	2.880000	6.263704
578	2.560000	6.065434
579	0.640000	1.392550
580	2.240000	4.954138
581	1.920000	3.789225
582	3.200000	7.593014
583	2.240000	3.974575
584	0.640000	1.913179
585	1.600000	3.301293
586	1.600000	3.655526
587	0.320000	2.112963
588	0.320000	5.422371
589	2.240000	8.036672
590	0.960000	2.122567
591	1.920000	4.726960
592	0.960000	2.359415
593	1.920000	3.473313
594	1.600000	5.420952
595	2.560000	6.964059
596	2.880000	5.147811
597	1.600000	4.809194
598	1.920000	5.292231
599	1.600000	4.333771
600	2.240000	4.143801
601	2.240000	6.235282
602	1.280000	3.498733
603	2.240000	8.522275
604	1.920000	3.998951
605	2.240000	6.179661
606	0.640000	3.832859
607	0.960000	4.047217
608	1.600000	4.762941
609	1.600000	3.855543
610	1.280000	3.422588
611	0.640000	2.846284
612	1.600000	4.595230
613	1.920000	4.174925
614	0.960000	5.129741
615	0.960000	3.293505
616	0.640000	2.324812
617	0.320000	1.379955
618	0.960000	4.281099
619	0.640000	7.081834
620	0.960000	6.565074
621	0.960000	5.512543
622	0.960000	5.199572
623	0.960000	4.248656
624	0.320000	3.202894
625	0.640000	4.551593
626	0.320000	0.578620
627	0.640000	4.206689
628	0.640000	4.761066
629	0.000000	0.349977
630	0.320000	1.766128
631	0.640000	1.617940
632	0.640000	2.401229
633	0.640000	3.257248
634	0.640000	2.495547
635	0.320000	2.715291
636	0.640000	1.946350
637	0.320000	6.226250
638	0.640000	2.012053
639	0.000000	1.677573
640	0.320000	1.788063
641	0.000000	1.015055
642	0.640000	1.859985
643	0.640000	2.708472
644	0.640000	3.067276
645	1.280000	4.484487
646	0.640000	3.245177
647	0.320000	1.814065
648	1.920000	3.813165
649	0.000000	1.509682
650	0.960000	2.379815
651	0.640000	2.089636
652	0.000000	1.090437
653	0.320000	1.157859
654	0.000000	1.539556
655	0.320000	2.232136
656	0.960000	5.055283
657	0.000000	1.390692
658	0.640000	1.850647
659	0.000000	1.904274
660	0.320000	0.801422
661	0.000000	1.556956
662	0.960000	2.535918
663	0.640000	3.353580
664	1.280000	3.225493
665	0.640000	2.789633
666	0.000000	1.008731
667	1.280000	3.501264
668	0.960000	2.980158
669	0.960000	3.243256
670	0.640000	2.755758
671	1.600000	3.837272
672	0.640000	2.128371
673	0.640000	1.879338
674	0.640000	2.370474
675	0.640000	2.460038
676	0.640000	1.697012
677	0.320000	1.029322
678	0.640000	1.206247
679	0.320000	1.290180
680	0.000000	1.174556
681	1.600000	4.926859
682	0.960000	2.817081
683	0.000000	0.887454
684	0.960000	2.435873
685	1.920000	6.863809
686	0.000000	2.152441
687	0.960000	2.888105
688	1.280000	2.417625
689	0.320000	0.758773
690	1.280000	3.460608
691	0.640000	3.432406
692	0.640000	3.059561
693	0.640000	1.540195
694	0.640000	1.972746
695	0.320000	1.890646
696	0.320000	1.231798
697	0.640000	2.262795
698	0.960000	4.151607
699	0.960000	2.940754
700	0.960000	3.272868
701	0.640000	2.063622
702	0.960000	2.314081
703	1.920000	4.745834
704	0.640000	3.106069
705	0.640000	1.287622
706	0.320000	0.740166
707	0.960000	1.631218
708	0.960000	1.772583
709	0.960000	1.160361
710	1.600000	3.412471
711	2.240000	4.467084
712	1.920000	3.289498
713	0.640000	1.210620
714	1.920000	3.171610
715	0.960000	2.250487
716	0.000000	1.575010
717	1.280000	2.864418
718	0.960000	1.972583
719	0.960000	2.034716
720	0.960000	2.358514
721	1.600000	3.000916
722	0.960000	2.166584
723	1.280000	2.426606
724	1.280000	2.272662
725	1.920000	4.138581
726	0.320000	0.598283
727	0.640000	1.359783
728	1.600000	2.832810
729	1.920000	3.676428
730	0.320000	0.530795
731	0.960000	1.696206
732	0.000000	1.259252
733	0.960000	2.297960
734	0.960000	1.327777
735	2.240000	3.819477
736	1.280000	2.242409
737	3.200000	5.721357
738	0.960000	1.594436
739	1.920000	3.506796
740	0.640000	1.029945
741	1.920000	3.478086
742	0.640000	1.855833
743	1.280000	1.832092
744	3.200000	5.175050
745	2.240000	3.904525
746	0.640000	0.799989
747	1.920000	3.411628
748	1.920000	3.646209
749	1.280000	1.929408
750	1.600000	3.488318
751	1.920000	3.276621
752	2.240000	4.225833
753	0.960000	2.035226
754	1.600000	2.895842
755	2.880000	5.776470
756	0.640000	0.941767
757	0.640000	1.407788
758	2.240000	4.208606
759	2.240000	3.877723
760	1.600000	3.350541
761	1.920000	4.054023
762	1.280000	4.673397
763	1.280000	2.035087
764	1.600000	3.634756
765	1.600000	3.053949
766	2.560000	4.951660
767	0.960000	1.864917
768	1.920000	3.354716
769	2.240000	3.932146
770	1.280000	2.229674
771	0.960000	2.199290
772	1.920000	3.216487
773	1.920000	2.779096
774	2.240000	4.264364
775	2.880000	5.200416
776	1.280000	2.326222
777	1.920000	3.654116
778	2.560000	4.173934
779	1.600000	2.832503
780	1.920000	4.082629
781	2.240000	4.636487
782	0.000000	2.099398
783	1.280000	2.564387
784	0.960000	1.997530
785	1.280000	1.868084
786	0.640000	1.038322
787	0.960000	1.621096
788	0.960000	1.747637
789	0.640000	1.186274
790	1.280000	2.562529
791	0.960000	1.578869
792	1.920000	3.281884
793	0.000000	0.223017
794	1.600000	2.556765
795	0.960000	2.384748
796	0.320000	0.699447
797	1.920000	3.151086
798	0.000000	0.954530
799	0.640000	1.714369
800	0.640000	1.245506
801	1.600000	3.414056
802	1.280000	3.035864
803	2.560000	4.741285
804	0.320000	1.061110
805	0.640000	1.291552
806	0.640000	2.840624
807	0.640000	1.433159
808	0.320000	0.597716
809	1.280000	2.278942
810	1.280000	2.204570
811	1.280000	2.133330
812	0.640000	1.674938
813	0.320000	0.825885
814	0.320000	1.074366
815	0.320000	1.172440
816	0.320000	0.914314
817	1.600000	2.636344
818	0.000000	0.377068
819	0.320000	0.622502
820	1.600000	2.692234
821	0.960000	1.694137
822	0.000000	0.787937
823	0.000000	0.299628
824	0.960000	2.008575
825	0.960000	1.920867
826	0.320000	1.279920
827	0.320000	0.331700
828	1.280000	2.445801
829	1.920000	3.395686
830	0.320000	1.337168
831	0.320000	1.041276
832	0.960000	2.453755
833	0.960000	3.036477
834	1.600000	2.781343
835	0.320000	1.826146
836	0.320000	2.368875
837	0.320000	0.533033
838	0.320000	2.225694
839	0.960000	7.760549
840	0.640000	2.601870
841	0.960000	3.483560
842	0.960000	3.537335
843	1.280000	4.309786
844	0.000000	0.052483
845	0.320000	1.167049
846	0.960000	3.074527
847	0.960000	2.525426
848	0.960000	3.042394
849	1.280000	3.602283
850	0.960000	2.951524
851	0.960000	2.533437
852	0.960000	2.134786
853	1.280000	4.165039
854	1.280000	4.284353
855	0.000000	0.550021
856	0.640000	2.007106
857	0.960000	4.221701
858	0.960000	2.541457
859	0.320000	1.925452
860	0.640000	2.655685
861	0.960000	2.582278
862	0.960000	3.526529
863	0.960000	2.344696
864	0.640000	2.597286
865	1.280000	4.244980
866	0.960000	5.899520
867	1.600000	3.879392
868	1.600000	3.153821
869	0.320000	1.942059
870	0.960000	2.720833
871	1.280000	3.041239
872	1.600000	4.440696
873	1.280000	2.982430
874	0.320000	1.266419
875	1.280000	2.820440
876	1.280000	3.221068
877	1.600000	3.721090
878	0.960000	2.585252
879	1.280000	3.139505
880	0.320000	1.652523
881	0.000000	0.641392
882	0.000000	1.432082
883	0.640000	2.289459
884	0.640000	1.497254
885	1.600000	3.614288
886	0.320000	2.383487
887	0.640000	1.907772
888	0.960000	2.102559
889	0.640000	2.128369
890	0.320000	1.027538
891	0.000000	1.339120
892	0.320000	1.238403
893	0.000000	0.378100
894	0.320000	1.088489
895	0.320000	0.823428
896	0.640000	1.795435
897	6.080000	16.640542
898	1.280000	3.042531
899	0.000000	0.676303
900	0.000000	0.878614
901	0.320000	1.560333
902	0.320000	1.465526
903	0.960000	2.081548
904	0.000000	0.325428
905	0.640000	1.963961
906	0.960000	1.690094
907	0.320000	0.439574
908	0.320000	2.027984
909	0.640000	1.498160
910	0.320000	1.920881
911	0.320000	1.410938
912	0.320000	2.136225
913	0.960000	2.715723
914	0.320000	1.632853
915	0.640000	1.118178
916	0.960000	1.537254
917	0.320000	2.419234
918	0.000000	1.720323
919	0.320000	1.718294
920	1.280000	2.725435
921	0.640000	1.983513
922	0.320000	1.873263
923	0.640000	1.594633
924	0.000000	1.823071
925	0.000000	0.960494
926	0.320000	1.900206
927	0.320000	3.139218
928	1.280000	2.799961
929	0.320000	2.142705
930	0.960000	1.511042
931	0.000000	1.204823
932	0.640000	1.625969
933	0.640000	2.326349
934	0.000000	0.274254
935	0.960000	1.892753
936	1.280000	3.551943
937	1.600000	3.399931
938	0.000000	1.458342
939	0.640000	2.486615
940	0.640000	2.581438
941	0.640000	2.127530
942	0.320000	1.906272
943	1.600000	3.756322
944	1.600000	4.539483
945	0.640000	1.222724
946	0.960000	2.795491
947	0.960000	2.270455
948	0.320000	1.493163
949	0.320000	0.864152
950	0.000000	1.255123
951	0.640000	1.444726
952	0.000000	1.373651
953	0.000000	0.912984
954	0.320000	1.640325
955	0.320000	1.033691
956	0.960000	2.629466
957	0.320000	1.705428
958	0.640000	1.347260
959	0.960000	2.128955
960	0.640000	1.546510
961	1.280000	3.022699
962	0.640000	1.551378
963	0.960000	2.247973
964	0.640000	1.632359
965	0.320000	1.064280
966	0.640000	2.115548
967	0.320000	0.898535
968	0.640000	1.691481
969	0.000000	1.174330
970	0.640000	1.627256
971	1.280000	2.603282
972	0.320000	1.668383
973	0.320000	1.779949
974	0.320000	2.298996
975	1.280000	2.837998
976	0.960000	2.307985
977	0.000000	0.254881
978	0.320000	2.312332
979	0.000000	0.599220
980	0.320000	0.896653
981	0.640000	1.686368
982	0.000000	1.049172
983	0.320000	1.313287
984	0.000000	1.917098
985	0.640000	1.168572
986	0.320000	1.749692
987	0.960000	2.118240
988	0.640000	1.271012
989	1.280000	3.287911
990	0.320000	1.178424
991	0.640000	2.171979
992	0.320000	1.318939
993	0.960000	2.177738
994	2.240000	5.169868
995	0.320000	0.716566
996	0.640000	1.141681
997	0.320000	1.338892
998	1.920000	4.009549
999	1.600000	3.625266
1000	1.600000	3.545435
1001	1.280000	2.362138
1002	0.640000	1.509427
1003	0.320000	1.632965
1004	1.280000	2.593601
1005	1.920000	3.950944
1006	0.320000	0.567867
1007	2.880000	5.769465
1008	1.920000	5.539363
1009	3.200000	6.413456
1010	1.280000	2.437660
1011	2.560000	5.311664
1012	0.960000	2.405317
1013	0.000000	0.521121
1014	0.640000	3.040892
1015	1.280000	3.262930
1016	1.280000	3.024416
1017	0.640000	1.380163
1018	0.640000	1.309371
1019	1.280000	2.553877
1020	0.640000	1.570820
1021	0.000000	0.650191
1022	0.960000	2.098672
1023	0.000000	1.609549
1024	0.960000	2.718167
1025	1.600000	3.855259
1026	0.320000	0.865620
1027	0.320000	2.138615
1028	0.640000	1.494035
1029	0.640000	1.104269
1030	0.000000	0.713443
1031	0.320000	0.485230
1032	0.320000	0.439151
1033	0.640000	1.465771
1034	0.640000	2.123793
1035	0.320000	1.508037
1036	0.000000	3.755289
1037	0.000000	0.686566
1038	0.960000	1.715507
1039	0.000000	0.703289
1040	0.320000	1.315019
1041	0.320000	1.054074
1042	0.320000	0.693741
1043	0.640000	1.297228
1044	0.960000	2.245849
1045	0.960000	2.315108
1046	0.640000	1.635693
1047	0.640000	1.604900
1048	0.000000	0.318332
1049	0.640000	1.578439
1050	1.280000	2.833599
1051	0.320000	2.426442
1052	0.320000	0.802181
1053	1.280000	2.803453
1054	0.320000	2.042564
1055	0.960000	1.644763
1056	0.960000	2.317884
1057	1.280000	3.116781
1058	0.960000	2.137922
1059	1.920000	3.697588
1060	0.320000	0.780955
