No.	Z Error(mm)	3D Error
1	1.280000	2.595769
2	0.000000	1.504013
3	0.640000	0.804064
4	0.320000	1.200531
5	0.640000	3.175457
6	0.000000	5.054395
7	1.280000	5.191649
8	0.000000	0.603820
9	1.280000	2.054023
10	0.640000	3.621037
11	0.320000	2.094794
12	0.320000	0.670314
13	0.000000	2.088912
14	0.640000	0.875795
15	1.280000	2.451990
16	1.600000	4.813073
17	0.000000	0.488317
18	0.000000	0.559211
19	0.320000	1.349640
20	0.960000	2.500805
21	8.320000	14.965551
22	1.600000	2.971796
23	1.920000	3.375390
24	3.200000	6.636100
25	0.320000	2.679534
26	0.320000	0.593507
27	0.960000	1.712382
28	0.640000	1.509510
29	0.320000	1.394489
30	1.600000	2.562559
31	0.640000	5.009739
32	0.320000	2.785484
33	1.280000	2.037658
34	0.320000	2.293531
35	0.320000	1.511761
36	0.640000	2.217068
37	0.640000	2.299014
38	0.320000	1.890115
39	0.320000	1.582117
40	0.000000	1.405082
41	0.000000	2.294309
42	0.640000	1.491529
43	0.640000	1.567282
44	0.320000	1.325739
45	0.000000	1.920026
46	0.000000	0.104420
47	0.000000	3.374549
48	0.000000	0.213295
49	0.320000	0.531936
50	0.000000	1.231801
51	0.000000	2.999800
52	0.000000	1.126613
53	0.640000	2.097327
54	0.640000	1.336053
55	0.640000	2.858793
56	0.320000	2.940633
57	1.280000	2.945750
58	0.320000	4.229050
59	1.920000	6.725436
60	0.960000	3.286759
61	0.000000	0.483864
62	0.320000	1.125139
63	0.000000	2.121847
64	0.640000	0.801756
65	7.680000	12.483566
66	0.320000	1.405796
67	0.320000	1.298517
68	0.320000	2.972513
69	0.320000	0.409192
70	0.960000	1.292371
71	0.640000	1.586915
72	0.960000	2.352395
73	0.000000	0.838662
74	0.000000	0.897609
75	0.320000	1.905454
76	0.960000	1.901259
77	0.640000	4.549453
78	0.000000	1.590253
79	0.320000	2.062312
80	0.000000	1.134591
81	1.600000	3.869331
82	0.000000	0.288068
83	0.000000	0.860427
84	0.000000	3.063630
85	0.320000	2.206517
86	0.000000	1.416215
87	0.640000	3.015657
88	0.320000	2.959671
89	0.960000	4.163214
90	0.640000	2.133955
91	0.960000	2.733163
92	0.320000	0.742695
93	0.320000	1.625935
94	0.640000	1.120282
95	0.000000	3.332666
96	0.320000	1.366731
97	0.320000	2.577913
98	0.320000	0.768930
99	0.000000	1.276641
100	0.320000	4.567692
101	0.000000	0.349762
102	0.320000	2.083501
103	0.640000	1.057209
104	1.280000	3.071096
105	0.320000	1.238487
106	0.000000	1.292607
107	0.640000	1.952063
108	0.000000	1.241552
109	0.320000	2.460694
110	0.640000	3.642314
111	2.560000	3.317649
112	0.000000	1.560854
113	0.000000	0.748449
114	0.320000	1.932302
115	0.320000	1.520695
116	0.640000	1.846761
117	0.320000	1.195886
118	0.640000	1.745612
119	0.000000	1.343495
120	0.320000	3.784844
121	0.320000	4.169149
122	1.600000	2.510834
123	0.640000	2.347307
124	0.000000	0.998518
125	0.320000	1.336226
126	0.640000	1.887483
127	0.640000	1.929417
128	8.960000	13.398494
129	0.000000	2.071173
130	0.000000	0.322179
131	0.320000	0.462386
132	1.280000	2.549361
133	0.320000	2.021222
134	0.320000	0.841488
135	1.920000	3.508703
136	0.320000	2.422427
137	0.320000	3.736184
138	1.280000	2.205974
139	0.000000	0.402763
140	0.320000	1.926528
141	0.320000	3.710727
142	0.640000	0.913397
143	0.960000	3.457974
144	0.000000	0.418304
145	0.320000	0.749355
146	0.640000	1.416505
147	0.960000	1.510051
148	0.320000	3.648017
149	0.000000	1.123913
150	1.280000	3.784615
151	1.600000	2.681669
152	1.920000	3.135657
153	0.320000	1.963447
154	0.320000	2.034777
155	0.000000	1.668846
156	0.960000	2.824105
157	0.640000	1.552945
158	0.320000	1.631115
159	1.600000	2.955008
160	1.280000	1.927866
161	0.320000	1.708249
162	1.280000	1.986155
163	0.640000	0.859893
164	0.320000	0.413942
165	0.000000	0.546912
166	0.640000	1.414171
167	0.320000	1.028705
168	1.280000	2.134342
169	0.320000	2.388035
170	0.320000	1.722467
171	0.320000	1.139247
172	0.640000	1.120840
173	1.600000	1.972632
174	2.560000	9.900892
175	0.320000	1.059842
176	0.320000	0.579320
177	1.280000	2.346177
178	0.640000	1.008969
179	0.640000	1.221173
180	0.320000	0.886024
181	1.280000	2.872639
182	2.880000	3.623817
183	1.280000	2.187736
184	2.240000	3.108684
185	0.960000	1.788520
186	0.320000	0.430873
187	0.320000	1.221177
188	0.640000	2.066069
189	2.240000	3.765782
190	1.600000	2.793570
191	0.640000	1.143361
192	1.280000	1.978535
193	0.960000	2.077862
194	1.920000	2.722961
195	2.240000	3.712561
196	1.280000	2.063807
197	1.280000	1.718018
198	1.280000	1.964484
199	1.920000	2.686303
200	1.600000	2.526582
201	1.920000	3.327653
202	2.880000	4.611201
203	0.640000	1.036255
204	0.000000	1.570500
205	0.320000	0.475601
206	1.280000	2.530203
207	2.240000	3.538318
208	1.600000	2.645100
209	0.640000	1.632852
210	0.000000	1.752938
211	2.240000	3.537989
212	2.240000	2.860982
213	2.560000	3.739295
214	1.280000	1.870379
215	1.280000	2.191763
216	2.880000	4.194423
217	2.240000	3.685759
218	2.880000	3.889349
219	1.600000	2.210230
220	2.240000	3.375222
221	1.280000	9.270541
222	0.320000	1.448166
223	0.000000	0.436048
224	0.000000	0.464635
225	0.640000	1.327086
226	0.320000	0.517198
227	0.000000	0.188181
228	0.000000	0.564701
229	1.280000	1.980277
230	0.320000	0.578307
231	0.640000	1.367708
232	0.320000	0.558669
233	1.920000	3.182394
234	1.280000	1.905900
235	0.320000	1.136033
236	0.640000	1.280283
237	0.000000	0.706806
238	0.640000	1.617471
239	0.320000	1.437734
240	0.320000	0.720814
241	0.960000	2.119871
242	0.320000	0.735229
243	0.960000	1.999854
244	0.000000	0.832549
245	1.600000	3.898156
246	1.280000	2.314778
247	0.640000	2.085998
248	0.960000	1.354635
249	0.320000	0.798849
250	0.320000	0.666633
251	0.320000	1.324978
252	0.960000	1.626769
253	0.960000	1.940358
254	0.000000	0.900591
255	1.600000	3.832526
256	0.320000	0.461621
257	1.280000	1.760907
258	1.280000	3.980650
259	0.320000	0.528032
260	2.240000	2.693499
261	0.960000	1.754057
262	0.320000	0.796129
263	0.320000	1.182720
264	0.640000	1.350198
265	0.640000	1.143007
266	0.960000	1.925266
267	0.640000	0.852612
268	0.960000	2.930868
269	1.600000	2.447218
270	1.280000	2.236486
271	0.960000	1.870649
272	0.960000	1.895610
273	0.000000	1.422440
274	0.960000	1.949352
275	0.000000	0.165911
276	0.000000	0.293646
277	1.600000	3.181706
278	0.000000	0.568382
279	0.000000	0.755032
280	0.000000	0.293237
281	0.640000	1.252602
282	0.640000	1.755033
283	0.320000	0.509246
284	0.320000	0.915042
285	0.000000	0.860945
286	0.640000	1.248795
287	0.000000	1.678308
288	0.320000	0.490739
289	0.320000	1.199043
290	0.320000	1.035676
291	0.320000	0.864927
292	0.640000	2.431513
293	0.960000	2.166503
294	0.320000	0.613567
295	0.640000	1.044260
296	0.320000	1.398841
297	0.320000	1.087065
298	0.640000	1.314002
299	0.000000	0.165911
300	0.320000	0.905996
301	0.000000	7.383816
302	0.320000	4.759499
303	0.640000	4.004727
304	0.320000	3.714250
305	0.000000	2.526570
306	0.000000	4.799088
307	0.640000	3.525105
308	0.320000	2.759750
309	0.320000	3.604876
310	0.320000	3.577108
311	1.280000	4.901141
312	0.960000	4.416591
313	0.320000	1.035676
314	0.320000	3.379203
315	0.640000	3.324453
316	0.320000	5.723711
317	0.640000	4.334296
318	0.320000	1.183350
319	1.280000	3.989248
320	0.640000	3.091182
321	0.640000	4.329912
322	0.960000	4.130521
323	0.320000	4.475643
324	0.320000	1.826964
325	0.000000	0.650123
326	0.000000	1.281908
327	0.320000	1.681429
328	0.960000	2.485438
329	0.640000	2.578369
330	0.000000	1.554976
331	0.320000	1.705744
332	0.000000	1.326123
333	0.320000	1.685312
334	0.320000	0.461875
335	0.320000	2.186269
336	0.640000	1.963482
337	0.000000	1.503358
338	0.320000	2.498292
339	0.640000	1.551369
340	0.320000	1.564088
341	1.280000	2.931634
342	0.640000	1.095471
343	0.000000	0.168904
344	0.000000	0.314733
345	0.000000	1.023157
346	0.320000	2.951901
347	0.000000	1.923894
348	0.320000	3.018262
349	1.280000	4.449958
350	0.640000	1.387691
351	0.640000	2.114508
352	0.000000	1.256000
353	0.640000	2.255624
354	0.640000	0.830961
355	0.000000	1.501950
356	0.000000	1.198615
357	0.000000	0.229898
358	0.640000	1.929929
359	0.960000	1.751047
360	0.640000	1.407089
361	0.000000	0.254310
362	0.640000	1.270820
363	0.320000	1.137253
364	0.320000	1.492842
365	1.280000	2.184363
366	1.280000	2.452098
367	0.320000	0.514871
368	1.600000	2.667380
369	0.320000	0.612213
370	0.640000	1.275309
371	0.000000	0.956272
372	0.640000	1.134127
373	0.320000	0.404949
374	0.320000	0.447974
375	0.960000	2.171470
376	0.640000	0.830961
377	0.320000	1.162526
378	0.960000	1.175090
379	0.640000	1.896420
380	0.960000	1.806222
381	0.960000	1.418040
382	0.320000	0.644565
383	1.280000	2.427657
384	0.640000	2.500453
385	0.000000	0.228222
386	0.640000	1.235830
387	0.320000	1.302460
388	1.280000	1.406545
389	0.320000	0.899981
390	0.000000	0.839257
391	0.960000	2.804448
392	0.000000	0.368094
393	0.640000	1.269502
394	0.960000	2.645167
395	0.320000	0.559676
396	0.000000	0.726012
397	0.320000	2.664406
398	0.960000	2.408377
399	0.000000	0.904629
400	0.640000	1.726820
401	1.600000	3.115477
402	0.320000	1.398108
403	0.000000	1.136629
404	0.640000	2.634715
405	0.000000	1.266893
406	0.320000	2.101722
407	0.320000	2.669530
408	0.000000	1.030242
409	0.000000	1.137017
410	0.000000	1.502826
411	0.640000	2.733187
412	0.640000	1.827343
413	0.320000	0.947725
414	0.640000	2.158580
415	0.960000	1.894754
416	0.640000	1.638841
417	0.640000	2.066414
418	0.640000	1.064793
419	0.320000	1.165706
420	0.960000	2.062003
421	0.000000	2.243577
422	0.320000	1.916455
423	0.000000	1.756160
424	1.280000	2.797951
425	0.960000	1.877528
426	0.640000	1.527091
427	0.960000	2.041923
428	0.320000	2.115988
429	0.960000	2.821041
430	0.640000	2.498537
431	0.320000	1.169193
432	0.960000	1.887297
433	0.320000	0.576909
434	0.320000	2.175653
435	0.000000	2.212412
436	0.000000	0.941928
437	0.640000	1.945851
438	0.640000	1.081335
439	0.640000	2.686354
440	0.000000	1.040138
441	0.000000	0.279223
442	0.000000	0.476928
443	0.320000	1.436659
444	0.000000	1.282062
445	0.000000	0.843986
446	0.320000	1.064139
447	0.320000	1.075209
448	0.320000	1.295328
449	0.000000	1.205992
450	0.320000	1.290598
451	0.320000	1.773607
452	0.320000	2.207515
453	0.000000	1.134717
454	0.000000	0.876943
455	0.320000	1.046713
456	0.320000	0.936163
457	0.320000	1.409543
458	0.000000	0.460011
459	0.320000	0.827289
460	0.000000	0.234882
461	0.320000	1.912044
462	0.000000	0.729356
463	0.000000	0.593351
464	0.000000	0.785209
465	0.320000	1.853192
466	0.320000	0.645253
467	0.000000	0.727398
468	0.960000	2.860695
469	0.000000	0.044492
470	0.320000	0.520714
471	0.000000	1.580321
472	0.000000	0.391474
473	0.320000	0.446977
474	0.640000	2.202334
475	0.000000	0.166567
476	0.320000	0.514871
477	0.000000	1.120425
478	0.000000	0.526686
479	0.320000	0.416869
480	0.000000	2.472109
481	0.320000	0.461286
482	0.000000	0.645958
483	0.000000	0.602197
484	0.000000	1.793115
485	0.320000	1.407506
486	0.640000	2.129260
487	0.000000	0.920154
488	0.000000	0.757430
489	0.320000	0.860363
490	0.000000	1.011343
491	0.000000	0.376073
492	0.000000	0.704312
493	0.000000	0.218385
494	0.000000	1.862647
495	1.280000	3.123309
496	0.000000	0.609512
497	0.960000	4.813676
498	0.640000	2.130187
499	0.320000	1.691197
500	0.960000	2.119898
501	0.320000	1.451838
502	0.320000	0.386948
503	0.960000	2.433989
504	0.000000	0.805863
505	0.640000	1.654456
506	0.320000	0.567867
507	0.320000	1.419456
508	0.640000	2.028262
509	0.640000	1.581658
510	0.320000	1.080252
511	0.000000	2.044147
512	0.640000	1.280334
513	0.640000	1.585395
514	1.280000	5.672761
515	0.640000	2.736612
516	1.600000	2.952097
517	0.640000	1.680965
518	0.320000	0.902067
519	0.320000	1.107897
520	0.960000	2.761869
521	0.320000	0.655451
522	0.640000	1.850543
523	0.000000	0.205637
524	0.320000	2.471895
525	0.000000	1.726752
526	0.960000	3.313936
527	0.960000	4.824159
528	6.400000	10.865484
529	0.320000	1.961450
530	0.000000	3.000543
531	0.320000	2.819721
532	6.080000	12.408910
533	0.320000	2.583730
534	0.320000	1.601734
535	0.000000	2.164616
536	0.320000	0.804871
537	0.320000	0.700197
538	0.320000	0.654328
539	0.320000	1.169016
540	0.640000	2.206526
541	1.920000	4.796652
542	1.920000	3.666841
543	0.960000	3.005708
544	0.320000	0.810883
545	0.320000	1.176810
546	0.000000	0.258979
547	0.000000	1.916597
548	0.640000	4.115678
549	2.240000	4.492760
550	0.640000	3.668284
551	0.000000	1.514325
552	0.640000	1.486469
553	0.000000	2.543006
554	0.000000	1.116952
555	0.320000	1.082257
556	0.320000	1.840385
557	0.640000	2.498841
558	0.640000	2.196186
559	0.320000	5.319623
560	0.320000	5.753543
561	0.000000	1.250218
562	0.320000	1.532869
563	0.320000	0.501505
564	0.960000	2.969936
565	0.000000	1.304681
566	0.640000	3.019914
567	0.320000	0.653677
568	0.640000	2.178747
569	0.320000	2.754370
570	0.320000	2.501781
571	0.640000	2.593992
572	0.320000	2.282175
573	0.000000	1.787471
574	0.000000	1.326992
575	0.320000	2.313148
576	0.320000	3.173619
577	1.280000	4.190820
578	0.320000	2.215691
579	0.000000	1.727054
580	0.000000	0.766251
581	0.320000	1.275717
582	0.320000	1.903361
583	0.000000	0.926148
584	0.000000	0.798235
585	0.320000	2.127878
586	0.320000	1.624495
587	0.000000	0.229560
588	0.640000	1.442634
589	3.200000	11.515544
590	0.320000	2.044362
591	0.000000	0.849250
592	0.000000	1.009817
593	0.640000	1.718832
594	0.000000	1.573385
595	0.000000	0.749540
596	0.320000	2.121443
597	0.000000	1.219088
598	0.000000	2.069839
599	0.000000	1.564879
600	0.320000	1.256287
601	0.000000	1.460178
602	0.000000	3.066381
603	0.000000	0.559521
604	0.000000	0.403352
605	0.000000	0.867472
606	0.320000	3.000917
607	0.000000	1.887368
608	0.000000	1.693654
609	0.000000	1.300703
610	0.320000	2.136565
611	0.640000	2.664318
612	0.000000	1.790181
613	0.000000	1.438189
614	0.000000	0.217992
615	0.320000	2.910699
616	0.000000	0.579232
617	0.320000	1.072031
618	0.000000	0.934177
619	0.000000	1.356794
620	0.320000	1.187655
621	0.000000	1.876146
622	0.000000	1.960398
623	0.320000	1.235048
624	0.320000	1.540384
625	0.000000	0.986134
626	0.000000	1.705872
627	0.320000	1.984036
628	0.000000	1.592405
629	0.320000	0.895686
630	0.000000	0.380103
631	0.320000	2.194000
632	0.320000	0.774514
633	0.000000	1.611940
634	0.000000	2.219953
635	0.320000	0.741338
636	0.000000	1.134851
637	0.000000	1.290103
638	0.320000	0.515619
639	0.000000	1.258401
640	0.000000	0.976131
641	0.000000	0.435837
642	0.320000	1.278042
643	0.320000	1.039056
644	1.600000	2.182544
645	0.320000	2.467800
646	0.960000	1.582386
647	0.320000	1.735201
648	0.000000	0.755658
649	0.320000	0.915042
650	0.640000	0.888608
651	0.000000	2.518720
652	0.320000	0.667048
653	0.320000	0.627228
654	0.320000	0.618948
655	0.000000	0.619996
656	1.280000	1.956537
657	0.960000	1.709842
658	0.320000	1.250264
659	0.640000	1.077623
660	1.600000	2.050594
661	0.320000	0.815035
662	0.320000	0.916230
663	0.000000	1.088713
664	0.320000	1.234711
665	0.000000	0.367083
666	1.600000	2.128776
667	0.320000	0.990491
668	0.320000	1.342662
669	0.320000	1.463921
670	0.000000	0.515523
671	0.320000	1.273648
672	0.320000	1.393881
673	1.280000	3.033681
674	0.960000	2.838362
675	0.000000	1.151476
676	0.000000	1.156562
677	0.000000	0.485222
678	0.320000	1.044892
679	0.640000	0.886216
680	0.640000	1.979676
681	0.960000	2.237544
682	1.280000	2.114671
683	0.320000	1.623486
684	0.320000	1.892147
685	0.320000	1.189940
686	2.560000	3.144624
687	0.320000	0.943842
688	0.000000	1.427509
689	0.320000	0.886308
690	0.320000	0.952008
691	0.000000	0.124720
692	0.320000	1.173171
693	0.640000	1.949904
694	0.320000	1.072014
695	0.320000	1.742312
696	0.000000	0.376275
697	0.320000	0.882339
698	0.320000	1.201430
699	0.000000	1.618881
700	0.000000	0.414444
701	0.320000	1.749633
702	0.640000	1.165337
703	0.000000	1.425115
704	0.320000	1.717423
705	0.960000	1.198274
706	0.000000	0.058482
707	1.600000	1.801211
708	0.640000	1.003786
709	0.640000	1.032295
710	1.280000	1.933794
711	0.640000	1.668547
712	0.320000	0.647468
713	0.960000	1.413402
714	0.000000	1.300920
715	0.000000	0.574863
716	0.960000	1.446532
717	0.960000	1.222850
718	0.960000	1.369401
719	0.640000	2.395341
720	0.000000	0.925428
721	1.600000	2.257480
722	0.000000	0.418321
723	0.640000	0.807444
724	1.600000	2.124995
725	0.320000	1.083295
726	0.000000	0.389199
727	0.640000	1.053683
728	0.320000	1.106514
729	1.280000	1.527444
730	1.280000	1.508284
731	0.640000	0.807375
732	0.640000	0.958894
733	0.320000	1.294810
734	0.960000	1.585875
735	0.320000	0.676352
736	0.320000	0.783728
737	0.320000	1.878324
738	0.320000	0.885060
739	1.280000	2.330058
740	1.600000	2.217665
741	1.280000	1.520707
742	0.960000	1.553672
743	0.960000	1.398661
744	5.760000	13.773644
745	0.000000	0.820343
746	0.640000	1.627482
747	1.280000	3.346814
748	0.000000	0.650901
749	0.000000	0.180927
750	0.000000	0.599876
751	0.000000	0.547417
752	0.000000	0.813853
753	0.000000	0.312832
754	0.320000	0.585944
755	1.600000	2.192349
756	0.320000	1.393167
757	0.640000	2.005324
758	1.600000	2.196864
759	1.280000	1.445146
760	0.000000	2.733251
761	0.320000	1.999999
762	1.920000	7.705960
763	0.000000	0.350676
764	0.000000	0.981016
765	0.320000	1.223078
766	0.320000	0.767896
767	0.320000	1.511498
768	0.000000	0.454362
769	0.320000	1.458360
770	0.000000	0.167633
771	0.320000	1.335699
772	0.000000	1.527578
773	0.000000	1.465164
774	0.000000	1.319421
775	0.640000	2.206746
776	0.960000	1.673251
777	0.320000	1.446804
778	0.320000	1.225818
779	0.320000	0.820571
780	0.000000	0.327936
781	0.640000	1.510452
782	0.000000	2.378835
783	0.320000	0.793944
784	0.320000	1.947798
785	0.320000	1.495366
786	0.000000	2.612854
787	0.320000	1.646727
788	0.640000	2.010503
789	0.000000	2.741093
790	0.320000	0.453954
791	0.960000	2.789103
792	0.000000	3.419131
793	0.320000	1.982192
794	0.320000	2.484427
795	1.920000	2.803617
796	0.960000	3.020238
797	0.320000	2.338041
798	0.960000	2.494495
799	0.320000	1.596104
800	0.000000	0.314645
801	0.640000	2.143276
802	0.320000	1.117217
803	0.640000	1.766517
804	0.640000	1.571125
805	0.960000	2.467973
806	0.320000	1.346230
807	0.320000	0.737211
808	0.640000	2.014007
809	0.960000	3.559444
810	0.000000	2.397114
811	0.000000	2.329689
812	0.640000	2.177365
813	0.960000	3.594686
814	1.920000	3.903532
815	0.640000	3.134132
816	0.000000	5.031131
817	0.640000	2.457954
818	0.640000	4.313748
819	0.000000	2.457748
820	0.960000	3.802565
821	0.640000	3.872050
822	0.320000	3.010730
823	0.960000	2.528102
824	0.960000	2.986013
825	0.320000	1.660741
826	1.280000	4.625511
827	0.320000	4.794269
828	0.320000	4.492926
829	0.640000	3.481340
830	0.640000	3.773203
831	0.320000	0.638793
832	0.320000	2.592783
833	0.320000	2.314779
834	0.320000	4.562433
835	0.320000	3.210785
836	0.000000	6.130042
837	0.320000	3.689907
838	0.320000	3.644044
839	0.960000	1.810968
840	0.000000	1.191758
841	0.000000	1.032031
842	0.000000	0.118045
843	0.000000	1.573910
844	0.320000	1.724229
845	0.000000	1.420517
846	0.000000	0.507561
847	0.960000	2.511037
848	0.000000	1.089235
849	0.320000	1.341395
850	0.000000	1.746222
851	0.000000	1.823121
852	0.000000	0.858846
853	0.320000	1.534939
854	0.320000	1.404148
855	0.000000	0.462795
856	0.640000	1.236720
857	0.320000	0.563816
858	0.000000	0.344621
859	0.000000	1.193819
860	0.320000	1.392665
861	0.000000	0.441910
862	0.000000	0.991371
863	0.000000	0.794197
864	0.320000	2.337424
865	0.640000	3.003484
866	1.600000	9.365697
867	0.000000	0.863974
868	0.000000	0.276886
869	0.000000	2.356442
870	0.000000	0.322451
871	0.320000	1.189055
872	0.000000	0.663423
873	0.320000	0.752074
874	0.320000	3.038192
875	0.320000	0.989088
876	0.320000	0.433220
877	0.320000	0.981977
878	0.000000	0.104884
879	0.320000	0.646457
880	0.320000	1.667661
881	0.000000	0.583058
882	0.320000	1.140774
883	0.000000	1.383013
884	0.000000	1.739986
885	0.000000	0.904295
886	0.640000	2.259433
887	0.000000	0.440559
888	0.000000	1.343561
889	0.320000	2.083150
890	0.320000	1.289888
891	0.320000	1.724042
892	0.000000	1.645776
893	0.000000	0.927243
894	0.000000	1.635752
895	0.000000	0.131525
896	0.320000	1.188312
897	0.320000	0.684859
898	0.000000	0.998220
899	0.320000	0.406702
900	0.640000	1.704029
901	0.000000	0.380644
902	0.000000	1.137567
903	0.000000	0.838663
904	0.320000	3.345814
905	0.320000	1.426100
906	0.000000	1.895955
907	0.000000	1.043666
908	0.320000	1.505792
909	1.600000	2.130324
910	0.640000	0.947443
911	0.320000	0.910164
912	1.600000	1.698497
913	0.320000	2.483440
914	0.000000	0.267298
915	7.360000	8.737383
916	0.640000	0.970774
917	0.960000	2.789504
918	0.960000	2.375230
919	0.960000	2.518901
920	0.960000	1.619855
921	0.000000	0.804389
922	0.320000	1.973186
923	0.320000	1.693701
924	0.320000	1.130810
925	1.600000	2.353124
926	0.960000	2.224981
927	0.640000	1.671414
928	0.960000	2.868246
929	0.960000	1.978268
930	0.000000	2.324207
931	0.320000	0.742833
932	0.320000	1.175905
933	0.320000	2.319179
934	0.320000	1.616947
935	0.320000	1.773353
936	0.320000	1.399757
937	0.000000	2.485279
938	0.960000	1.444591
939	0.000000	1.734931
940	0.960000	1.267786
941	0.640000	2.328997
942	4.480000	5.155754
943	2.240000	3.396043
944	0.320000	1.177067
945	0.000000	1.411379
946	0.960000	1.359892
947	0.320000	1.145295
948	0.320000	1.235363
949	0.000000	0.380734
950	0.640000	1.774487
951	0.640000	1.423401
952	0.000000	0.595014
953	0.000000	1.581841
954	1.280000	1.726854
955	1.920000	3.055622
956	0.640000	1.288316
957	0.960000	1.513078
958	0.320000	1.106860
959	1.280000	2.119220
960	0.960000	1.397306
961	0.320000	1.232406
962	0.320000	0.652767
963	0.000000	0.797775
964	0.960000	1.343000
965	0.320000	1.300590
966	0.000000	1.531219
967	1.280000	1.990614
968	0.320000	1.043746
969	0.960000	2.379413
970	0.000000	0.329826
971	0.320000	1.413353
972	0.000000	0.168904
973	0.640000	2.050585
974	0.640000	1.699316
975	1.920000	2.096071
976	0.000000	0.136893
977	0.320000	0.895284
978	0.320000	1.267647
979	0.000000	0.557151
980	0.960000	1.742424
981	0.640000	1.272360
982	1.280000	2.753988
983	0.320000	0.863115
984	0.640000	1.320948
985	0.960000	1.437036
986	0.320000	0.569838
987	0.320000	1.441383
988	0.640000	2.057235
989	0.000000	0.402763
990	0.640000	1.320948
991	0.640000	1.867828
992	0.320000	2.006587
993	0.320000	0.784372
994	0.320000	0.853389
995	0.000000	0.680940
996	0.000000	0.406729
997	0.320000	1.002696
998	0.320000	0.830542
999	0.000000	0.820247
1000	0.320000	1.054229
1001	0.640000	0.976854
1002	0.000000	0.397862
1003	0.320000	1.257249
1004	0.000000	1.360260
1005	0.320000	0.924320
1006	0.320000	0.720997
1007	0.320000	0.524022
1008	5.760000	10.497550
1009	0.640000	1.406213
1010	0.320000	0.437913
1011	0.640000	1.901130
1012	0.320000	1.460267
1013	0.000000	0.111233
1014	0.320000	1.144494
1015	0.960000	1.956122
1016	0.320000	1.278249
1017	0.000000	0.737700
1018	0.000000	0.809959
1019	0.000000	1.345528
1020	0.320000	1.194529
1021	0.320000	1.132673
1022	0.320000	1.599807
1023	0.000000	1.107800
1024	0.640000	2.250568
1025	0.640000	1.081841
1026	0.000000	0.044492
1027	0.640000	1.849365
1028	0.320000	0.669017
1029	0.000000	0.677228
1030	0.320000	2.648993
1031	0.320000	0.868333
1032	0.000000	0.651686
1033	0.000000	3.596093
1034	0.000000	1.420801
1035	0.000000	1.239824
1036	1.280000	10.092983
1037	0.000000	0.741912
1038	0.000000	0.563981
1039	0.320000	1.344903
1040	0.320000	1.357409
1041	0.320000	0.959001
1042	0.320000	1.771463
1043	0.320000	0.408385
1044	0.640000	2.172671
1045	0.320000	1.800645
1046	0.000000	0.922901
1047	0.320000	2.347465
1048	0.000000	0.541016
1049	0.000000	1.170766
1050	0.320000	0.498043
1051	0.320000	2.711486
1052	0.000000	1.773951
1053	0.320000	1.291937
1054	0.640000	1.830704
1055	0.000000	0.800416
1056	0.000000	0.811221
1057	0.000000	0.592015
1058	0.000000	0.384953
1059	0.320000	1.664111
1060	0.320000	1.200337
