No.	Z Error(mm)	3D Error
1	2.560000	3.837102
2	1.280000	1.810424
3	0.960000	1.643753
4	1.280000	1.962723
5	1.280000	5.699725
6	1.920000	3.024044
7	0.320000	1.385532
8	0.320000	2.118838
9	1.600000	3.036274
10	0.320000	3.657848
11	0.640000	3.040705
12	0.000000	2.535337
13	0.960000	3.069335
14	0.000000	2.229562
15	0.640000	1.814419
16	0.640000	2.137863
17	0.000000	0.283489
18	0.320000	1.038532
19	0.640000	3.614704
20	1.280000	2.975388
21	0.320000	0.809516
22	0.960000	2.309284
23	0.960000	1.645410
24	0.000000	2.734563
25	9.280000	13.878748
26	9.920000	13.061027
27	1.600000	2.076592
28	1.280000	2.114920
29	0.000000	1.416654
30	1.280000	4.155999
31	0.320000	2.084359
32	0.320000	2.148184
33	3.200000	5.185328
34	0.960000	1.867968
35	0.320000	4.526784
36	0.000000	1.795664
37	1.280000	3.596878
38	2.240000	5.103836
39	0.960000	3.347207
40	0.000000	2.902532
41	0.320000	1.417589
42	0.640000	1.646629
43	0.320000	1.670392
44	3.200000	6.337021
45	0.960000	4.912917
46	0.000000	2.173133
47	0.960000	3.489567
48	0.000000	0.376765
49	0.640000	1.981737
50	0.320000	2.700052
51	0.640000	3.939177
52	0.000000	0.808936
53	0.640000	1.377269
54	0.320000	7.101289
55	0.640000	1.649634
56	0.640000	2.823272
57	0.000000	2.840987
58	0.320000	1.735860
59	0.320000	1.596975
60	0.960000	3.137491
61	0.320000	3.418953
62	0.320000	3.272714
63	0.320000	2.917120
64	0.320000	1.690169
65	0.000000	0.982057
66	0.000000	1.159799
67	0.320000	0.930291
68	0.640000	0.986882
69	0.640000	2.068037
70	0.000000	3.009295
71	0.640000	2.288921
72	0.320000	4.691359
73	1.280000	2.754804
74	3.200000	6.842876
75	0.320000	3.678187
76	0.320000	2.572019
77	1.600000	5.397138
78	3.840000	8.821190
79	0.000000	1.331178
80	0.000000	1.813952
81	0.000000	0.721356
82	0.320000	1.246460
83	0.640000	2.545515
84	0.960000	1.945444
85	0.320000	2.328430
86	0.320000	2.624162
87	0.960000	2.049150
88	0.960000	2.680097
89	0.320000	0.962756
90	0.000000	1.404083
91	1.280000	3.397308
92	0.000000	0.825428
93	1.600000	2.403875
94	0.320000	1.477198
95	0.640000	2.264489
96	1.280000	6.995137
97	0.320000	9.427872
98	0.000000	0.402529
99	0.320000	3.412194
100	3.200000	5.136838
101	1.920000	2.797028
102	1.920000	2.974979
103	0.320000	1.048049
104	0.000000	1.074075
105	0.320000	1.873711
106	0.640000	3.133388
107	0.320000	2.656551
108	0.960000	3.100392
109	0.000000	1.111212
110	1.600000	4.949688
111	2.560000	5.017071
112	1.280000	3.103808
113	0.000000	0.225070
114	0.640000	3.257185
115	0.320000	2.561120
116	0.960000	2.367257
117	0.320000	2.078055
118	0.320000	3.899257
119	2.240000	5.308282
120	0.320000	2.076041
121	0.640000	2.344791
122	1.280000	2.146230
123	0.000000	1.755449
124	0.000000	1.961690
125	0.320000	0.587680
126	0.320000	2.167267
127	0.960000	5.392084
128	0.320000	2.921923
129	0.960000	1.646190
130	0.640000	2.962846
131	0.640000	2.193597
132	1.280000	4.732839
133	1.600000	2.883705
134	2.560000	5.192887
135	1.600000	3.482840
136	0.320000	2.624828
137	0.320000	2.400255
138	0.960000	2.859395
139	0.320000	7.123169
140	0.000000	3.684831
141	0.320000	5.053081
142	0.960000	1.759902
143	0.320000	1.315567
144	2.240000	4.585441
145	0.960000	2.510389
146	0.000000	0.570106
147	0.640000	3.342601
148	2.560000	7.390819
149	1.280000	4.984962
150	0.640000	1.729644
151	1.920000	9.053435
152	1.920000	8.940276
153	1.280000	5.664509
154	0.640000	1.911463
155	0.320000	3.367165
156	0.320000	1.584297
157	0.320000	1.259601
158	0.960000	3.392097
159	0.000000	2.420932
160	0.640000	2.079466
161	0.960000	1.274942
162	0.960000	1.716021
163	1.280000	1.924312
164	1.280000	1.410278
165	0.320000	0.600293
166	0.320000	1.199413
167	0.640000	1.426773
168	0.640000	1.031323
169	0.960000	1.530782
170	0.320000	1.670604
171	0.640000	0.995512
172	0.000000	2.926880
173	0.640000	1.209496
174	0.320000	2.442937
175	1.280000	1.919391
176	0.960000	1.225424
177	0.640000	1.608957
178	0.960000	1.683626
179	0.640000	2.427475
180	1.600000	3.039199
181	0.640000	1.897016
182	1.280000	2.651447
183	0.320000	0.811805
184	0.320000	0.840670
185	0.000000	1.563293
186	0.320000	0.912760
187	0.000000	0.898050
188	0.960000	1.411571
189	0.000000	0.488848
190	0.320000	0.558437
191	0.320000	0.977352
192	1.600000	2.805568
193	0.640000	1.455372
194	0.640000	1.696268
195	0.000000	0.315065
196	0.320000	0.794832
197	0.640000	1.085654
198	1.600000	2.199184
199	0.000000	1.151342
200	0.000000	0.844165
201	0.320000	0.708062
202	0.640000	1.021462
203	0.640000	1.199055
204	0.320000	1.087484
205	0.640000	1.234723
206	1.280000	2.030260
207	1.280000	2.058071
208	0.640000	2.768472
209	0.640000	1.048301
210	0.640000	0.930492
211	1.280000	1.916150
212	1.920000	3.732845
213	0.000000	0.482984
214	0.960000	1.587157
215	0.000000	1.086960
216	0.640000	1.258395
217	2.880000	3.389250
218	0.960000	1.718829
219	0.000000	0.745222
220	0.640000	1.442928
221	0.640000	1.571847
222	1.920000	2.740140
223	0.320000	3.563783
224	0.320000	0.730436
225	0.640000	1.090994
226	0.960000	1.776495
227	0.000000	0.466789
228	0.640000	1.571296
229	0.000000	0.585327
230	0.320000	1.616885
231	0.960000	1.347703
232	0.640000	1.673934
233	0.640000	2.287199
234	1.280000	1.829256
235	0.640000	0.970630
236	0.640000	0.993976
237	0.960000	1.535703
238	0.320000	0.853708
239	1.280000	1.731233
240	0.320000	1.034147
241	0.960000	1.213731
242	0.320000	0.681535
243	0.960000	1.193222
244	0.320000	1.034147
245	0.320000	0.826687
246	0.000000	0.277332
247	1.600000	1.989918
248	1.600000	2.067022
249	1.280000	2.422380
250	0.320000	2.733059
251	1.280000	1.666907
252	0.320000	0.722623
253	0.640000	0.800810
254	1.600000	2.263971
255	0.320000	0.395609
256	1.920000	3.014852
257	1.600000	2.350890
258	0.960000	5.029582
259	0.320000	1.172101
260	0.320000	1.591746
261	0.960000	1.115313
262	1.600000	2.575659
263	0.000000	0.944937
264	0.320000	0.708102
265	0.320000	0.711215
266	0.960000	2.766418
267	0.640000	1.077147
268	0.320000	0.386999
269	0.640000	1.071179
270	1.600000	2.282305
271	0.960000	1.879297
272	0.320000	0.855771
273	0.960000	1.910232
274	0.000000	1.401385
275	0.960000	2.088019
276	0.000000	1.254343
277	0.320000	0.966049
278	0.000000	0.036548
279	1.280000	3.595967
280	0.000000	1.218336
281	0.000000	0.688424
282	0.000000	1.070077
283	0.320000	1.060001
284	0.320000	1.735216
285	0.320000	0.761627
286	0.320000	0.756212
287	0.320000	1.716554
288	0.320000	1.639071
289	0.320000	1.254383
290	0.640000	2.549848
291	0.320000	0.895496
292	1.920000	4.130037
293	0.000000	0.424338
294	0.000000	0.298056
295	0.320000	1.349675
296	0.320000	0.619809
297	0.000000	1.609747
298	0.640000	1.962333
299	0.000000	1.173968
300	0.320000	1.669974
301	0.320000	1.810104
302	0.320000	3.069757
303	0.000000	3.326962
304	0.320000	1.132114
305	0.320000	2.356164
306	0.000000	1.830022
307	0.320000	2.205468
308	0.000000	1.662236
309	0.000000	1.246891
310	0.320000	7.723024
311	0.320000	1.607019
312	0.320000	0.507593
313	0.320000	1.504477
314	0.000000	1.709425
315	0.320000	4.948411
316	0.000000	0.281311
317	0.000000	1.067768
318	0.000000	1.016368
319	0.960000	1.410955
320	0.000000	1.868174
321	0.000000	1.020114
322	0.000000	0.915105
323	0.000000	0.570406
324	0.320000	1.616870
325	0.320000	7.303221
326	0.320000	0.747993
327	0.960000	2.732274
328	0.320000	0.500607
329	0.320000	2.734203
330	0.320000	3.043797
331	0.320000	2.781962
332	0.640000	3.338492
333	0.320000	0.620113
334	0.320000	2.611891
335	0.640000	2.316301
336	0.960000	2.423574
337	0.640000	1.799880
338	1.280000	4.579957
339	0.320000	1.457647
340	0.000000	1.078015
341	1.280000	3.249640
342	0.640000	3.967044
343	0.320000	3.337040
344	0.640000	3.216765
345	0.640000	3.425406
346	0.960000	2.227056
347	0.320000	2.304467
348	0.320000	5.682189
349	0.320000	2.895805
350	1.280000	3.418160
351	0.320000	1.158105
352	1.280000	3.156872
353	0.640000	1.137237
354	0.960000	1.586355
355	0.960000	1.873666
356	0.320000	1.368294
357	3.200000	4.739622
358	0.000000	1.344872
359	0.640000	1.569888
360	2.240000	3.600536
361	0.000000	0.316720
362	0.640000	1.987901
363	0.640000	1.113986
364	0.320000	0.379520
365	0.640000	2.392658
366	0.960000	1.452848
367	1.600000	2.398851
368	0.320000	0.701577
369	1.600000	3.139842
370	0.640000	2.202819
371	0.960000	1.222394
372	1.600000	2.254238
373	1.280000	2.495683
374	1.920000	2.934284
375	0.320000	0.947848
376	2.240000	3.813965
377	0.000000	0.760774
378	1.280000	2.026168
379	0.640000	1.075510
380	1.280000	2.286625
381	2.880000	3.903954
382	0.000000	1.278851
383	1.600000	2.027733
384	1.600000	2.229472
385	0.640000	1.974436
386	0.960000	1.490854
387	0.320000	0.555823
388	1.920000	2.713240
389	1.920000	2.768466
390	0.960000	1.640163
391	1.280000	2.086210
392	0.640000	1.137649
393	0.960000	1.475525
394	0.640000	1.310429
395	1.280000	2.139674
396	0.320000	1.822514
397	0.000000	0.327503
398	0.320000	0.451678
399	0.640000	0.945086
400	0.000000	0.507052
401	0.960000	2.174122
402	0.960000	1.524191
403	0.320000	1.633001
404	0.320000	0.593661
405	0.000000	0.754977
406	0.640000	1.863509
407	0.320000	0.605362
408	0.000000	0.194253
409	0.320000	0.488094
410	0.640000	1.441120
411	0.320000	0.853714
412	1.280000	2.648139
413	0.640000	1.091358
414	0.320000	0.592994
415	0.320000	1.447781
416	0.960000	1.508472
417	1.600000	2.363504
418	0.320000	0.604004
419	0.320000	0.742734
420	0.320000	0.580638
421	0.960000	1.982985
422	0.640000	1.412383
423	0.320000	0.647606
424	0.000000	1.324579
425	0.320000	0.870122
426	0.320000	1.504973
427	0.960000	1.792664
428	1.600000	3.285691
429	0.640000	1.193198
430	0.960000	1.474048
431	0.640000	1.611993
432	0.000000	1.339272
433	0.320000	1.485928
434	0.640000	1.760023
435	0.320000	0.412905
436	0.320000	1.241180
437	0.640000	2.867531
438	0.000000	0.229680
439	0.000000	0.480767
440	0.320000	1.617129
441	0.640000	1.087515
442	0.320000	0.671025
443	0.320000	1.421053
444	0.000000	0.335471
445	0.000000	0.973706
446	0.320000	1.846046
447	0.000000	0.229596
448	0.000000	0.802471
449	0.320000	1.365047
450	0.640000	1.916680
451	0.000000	0.914133
452	0.640000	2.037483
453	0.000000	2.762237
454	0.000000	2.590518
455	0.000000	1.009352
456	0.000000	0.892457
457	0.320000	2.780711
458	0.000000	0.204047
459	0.000000	1.067210
460	0.320000	1.213852
461	0.000000	1.438547
462	0.000000	0.846538
463	0.320000	1.595470
464	0.000000	0.744966
465	0.000000	0.756996
466	0.000000	1.741232
467	0.000000	0.461638
468	0.000000	0.980439
469	0.000000	1.999773
470	0.320000	2.091440
471	0.000000	0.958817
472	0.000000	2.522096
473	0.000000	0.614345
474	0.000000	1.365506
475	0.320000	1.651382
476	0.000000	0.094969
477	0.000000	0.839487
478	0.000000	0.506657
479	0.320000	2.268132
480	0.320000	1.535537
481	0.320000	2.030422
482	0.000000	1.722895
483	0.640000	1.326116
484	0.640000	1.711172
485	0.000000	0.942174
486	0.000000	0.287361
487	0.000000	1.012289
488	0.000000	1.565993
489	0.320000	2.092850
490	0.320000	1.895857
491	0.000000	1.459692
492	0.000000	2.363409
493	0.320000	1.325591
494	0.640000	1.849424
495	0.320000	1.639879
496	0.000000	0.776303
497	0.000000	0.504579
498	0.320000	2.603439
499	0.320000	1.943480
500	0.320000	0.941536
501	0.320000	1.785051
502	0.000000	0.463618
503	0.000000	0.481017
504	0.000000	0.335070
505	0.000000	2.079686
506	0.320000	3.085447
507	0.000000	1.548194
508	0.000000	1.030862
509	0.320000	1.779094
510	0.320000	2.411275
511	0.320000	1.380016
512	0.320000	1.229188
513	0.320000	1.692652
514	0.000000	1.671502
515	0.000000	1.310387
516	0.000000	0.772855
517	0.320000	1.515460
518	0.000000	2.747110
519	0.000000	1.537214
520	0.000000	1.425331
521	0.320000	2.594280
522	0.320000	2.876521
523	0.000000	0.474339
524	0.000000	0.844525
525	0.320000	3.271168
526	0.000000	2.066108
527	0.000000	1.468311
528	0.320000	2.205206
529	0.320000	2.409549
530	0.320000	1.367355
531	0.640000	2.998495
532	0.320000	2.958470
533	0.000000	1.817642
534	0.640000	3.405430
535	0.640000	3.569172
536	0.000000	1.989741
537	0.320000	1.398940
538	1.600000	3.157001
539	0.320000	1.693187
540	0.320000	2.648445
541	0.000000	1.350452
542	0.000000	0.676593
543	0.000000	0.302699
544	0.960000	3.029788
545	0.320000	2.471668
546	0.640000	0.990020
547	0.640000	2.203843
548	0.640000	2.679632
549	0.320000	0.979677
550	0.320000	1.021543
551	0.320000	1.872735
552	0.000000	2.007833
553	0.320000	1.469311
554	0.960000	2.989740
555	0.000000	0.381177
556	0.640000	2.368407
557	0.000000	2.384963
558	0.320000	2.508972
559	0.640000	1.583894
560	0.000000	2.619616
561	0.000000	0.494881
562	0.320000	1.714886
563	0.000000	0.486900
564	0.640000	3.518753
565	0.000000	1.365976
566	0.320000	1.362161
567	0.000000	0.382323
568	0.320000	0.519725
569	0.000000	0.805010
570	0.960000	3.332497
571	0.640000	1.736101
572	0.320000	1.448906
573	0.640000	1.321117
574	0.000000	0.669665
575	0.320000	1.647650
576	0.000000	2.234538
577	0.320000	1.060243
578	0.320000	1.885728
579	0.000000	0.927335
580	0.000000	0.259382
581	0.320000	1.634505
582	0.960000	2.334780
583	0.000000	0.974401
584	0.640000	1.327645
585	0.320000	1.560439
586	0.320000	3.675774
587	0.320000	1.877666
588	0.320000	2.686472
589	0.320000	1.609755
590	0.000000	3.190311
591	0.320000	3.657302
592	0.000000	4.303094
593	0.320000	2.930509
594	0.320000	2.696308
595	0.000000	4.053253
596	0.000000	0.983936
597	0.000000	3.810113
598	0.320000	3.895795
599	0.320000	3.191630
600	0.320000	3.740400
601	0.640000	3.217506
602	0.320000	2.849719
603	0.640000	3.420243
604	0.320000	3.864863
605	0.320000	3.052541
606	0.640000	5.405070
607	0.320000	3.144781
608	0.000000	2.100203
609	0.320000	2.422168
610	0.000000	3.434533
611	0.000000	2.046653
612	0.000000	2.575218
613	0.640000	4.867690
614	0.320000	3.024433
615	0.320000	4.306543
616	0.320000	1.296654
617	0.640000	2.837864
618	0.000000	3.302424
619	0.000000	2.402613
620	0.000000	1.300680
621	0.320000	2.172751
622	0.000000	3.411696
623	0.320000	1.953520
624	0.320000	2.600547
625	0.320000	1.892213
626	0.000000	0.272317
627	0.320000	0.614349
628	0.320000	4.541856
629	0.640000	1.738594
630	0.000000	2.213396
631	0.000000	2.440369
632	0.000000	1.426827
633	0.000000	4.033105
634	0.000000	2.771127
635	0.320000	2.912121
636	0.320000	3.655141
637	1.920000	6.419190
638	0.000000	1.732742
639	0.960000	2.017256
640	0.960000	2.924302
641	0.640000	2.323601
642	0.320000	1.101174
643	0.320000	1.764931
644	0.320000	2.181676
645	0.320000	1.359779
646	0.000000	1.872267
647	0.000000	0.817969
648	0.640000	1.281022
649	0.320000	1.657214
650	0.000000	0.596833
651	0.000000	1.010394
652	0.320000	2.022350
653	0.320000	0.792349
654	0.320000	1.515464
655	0.640000	1.349401
656	1.600000	1.965153
657	0.320000	2.750838
658	0.960000	1.422749
659	0.000000	1.719976
660	0.320000	1.443895
661	0.000000	0.957446
662	0.320000	0.932581
663	0.320000	0.580512
664	0.000000	0.421572
665	0.640000	1.914582
666	0.000000	0.523716
667	0.960000	1.206003
668	0.640000	1.290302
669	0.000000	0.902469
670	0.320000	1.876682
671	0.640000	1.145143
672	0.320000	1.506124
673	0.960000	1.131004
674	0.320000	0.991914
675	0.320000	1.863261
676	0.320000	0.907176
677	0.320000	1.377087
678	0.640000	0.951085
679	1.280000	2.727716
680	0.320000	1.120213
681	0.320000	1.666532
682	0.000000	0.779342
683	0.000000	0.819572
684	0.640000	1.707429
685	0.640000	3.167147
686	0.640000	2.354703
687	0.000000	0.754376
688	0.640000	0.909985
689	0.320000	3.078178
690	0.320000	0.604312
691	0.000000	0.071200
692	0.320000	1.775076
693	0.320000	2.249393
694	0.000000	1.737772
695	0.320000	1.794132
696	0.000000	1.436850
697	0.000000	1.026598
698	0.000000	2.091512
699	0.640000	1.616892
700	0.000000	1.328182
701	0.320000	1.854028
702	0.000000	0.340142
703	0.000000	1.628238
704	0.320000	0.821581
705	0.320000	1.037461
706	1.280000	1.679396
707	1.920000	2.542669
708	0.320000	0.823140
709	1.280000	1.592497
710	1.920000	2.192104
711	0.000000	0.232131
712	2.560000	3.155146
713	0.960000	1.284730
714	0.320000	1.151940
715	0.000000	1.384686
716	0.320000	0.516192
717	0.320000	1.506825
718	0.000000	0.420410
719	0.640000	1.337332
720	2.240000	3.029727
721	1.280000	1.482643
722	0.640000	1.517739
723	0.320000	0.468340
724	0.640000	0.776036
725	1.280000	2.119657
726	0.960000	1.643057
727	0.640000	1.044693
728	0.320000	0.889727
729	1.600000	2.157307
730	1.280000	3.451628
731	1.600000	2.430383
732	0.960000	1.440436
733	0.000000	0.038310
734	0.000000	2.196001
735	0.960000	1.108302
736	0.320000	1.007926
737	1.280000	3.061330
738	0.960000	1.514240
739	0.000000	1.113571
740	2.240000	3.288111
741	0.960000	1.334163
742	0.960000	1.242878
743	0.320000	2.696130
744	1.920000	9.213105
745	1.600000	2.145425
746	1.280000	1.527139
747	3.840000	11.617747
748	0.000000	0.772449
749	0.960000	1.279367
750	3.200000	3.874167
751	0.320000	1.459437
752	1.920000	2.077239
753	0.000000	1.111380
754	0.000000	0.158667
755	0.320000	1.032603
756	0.320000	1.442559
757	0.960000	1.634714
758	0.000000	1.343838
759	0.640000	2.559473
760	0.960000	2.399334
761	0.000000	0.559149
762	0.000000	0.876419
763	0.000000	0.388328
764	0.000000	0.804868
765	0.000000	0.763561
766	0.320000	1.816658
767	0.640000	2.172475
768	0.320000	1.346826
769	0.640000	2.099107
770	0.640000	1.798510
771	0.000000	1.252324
772	0.960000	2.885356
773	0.320000	1.550900
774	0.640000	1.619306
775	0.320000	1.490360
776	0.640000	1.823716
777	0.320000	1.164157
778	0.960000	1.979497
779	0.320000	0.840412
780	0.000000	0.387198
781	0.320000	0.636586
782	0.000000	1.627002
783	0.320000	0.659370
784	3.200000	10.525020
785	0.000000	0.760983
786	0.320000	1.047867
787	1.920000	3.590121
788	3.200000	5.640348
789	1.600000	3.960823
790	2.240000	5.530624
791	1.280000	2.048530
792	0.640000	1.338498
793	0.000000	2.329211
794	0.960000	2.102498
795	0.640000	1.969173
796	0.320000	1.253808
797	0.960000	2.776267
798	0.960000	1.865389
799	0.320000	1.169273
800	0.640000	5.257032
801	1.280000	2.887348
802	0.000000	5.052883
803	1.280000	2.725556
804	0.320000	0.989873
805	0.640000	0.921954
806	0.320000	0.677577
807	0.960000	2.687884
808	1.600000	3.943549
809	0.320000	1.837305
810	1.600000	3.913857
811	1.280000	4.023404
812	0.960000	2.730640
813	0.000000	1.528261
814	1.280000	5.484892
815	0.000000	1.668543
816	1.920000	4.251024
817	0.320000	3.816501
818	3.200000	6.217686
819	0.960000	2.639727
820	0.320000	3.551743
821	0.640000	1.999912
822	0.960000	2.987875
823	0.960000	5.546731
824	0.640000	3.728253
825	1.280000	3.057006
826	0.320000	2.348366
827	0.320000	1.947987
828	0.000000	0.588643
829	0.640000	4.016046
830	0.960000	3.764715
831	1.600000	3.584772
832	2.560000	3.423433
833	0.960000	2.300638
834	1.280000	3.628975
835	0.960000	2.480357
836	1.600000	4.032278
837	0.320000	2.703149
838	3.200000	5.716157
839	0.000000	1.409159
840	0.320000	0.738804
841	0.320000	1.367168
842	1.280000	1.513817
843	0.320000	4.246011
844	0.640000	1.489547
845	0.000000	1.442862
846	0.000000	1.621849
847	0.320000	0.671131
848	0.320000	1.632074
849	0.640000	1.533823
850	0.320000	1.025601
851	0.320000	0.899643
852	0.320000	0.828761
853	0.000000	1.463624
854	0.320000	0.601536
855	0.320000	1.943927
856	0.640000	1.437452
857	0.320000	1.563118
858	1.280000	2.519027
859	0.000000	1.090871
860	0.320000	1.928212
861	1.280000	3.129582
862	0.640000	2.786398
863	0.320000	0.995339
864	0.000000	1.960281
865	0.320000	0.878598
866	0.320000	1.872685
867	1.280000	2.414606
868	0.640000	1.904190
869	0.320000	0.953359
870	0.640000	1.662014
871	0.960000	2.746107
872	1.280000	4.813992
873	0.320000	1.184618
874	0.320000	2.582099
875	0.000000	1.206505
876	0.000000	0.623205
877	0.320000	2.867353
878	0.000000	0.584491
879	0.000000	0.732124
880	0.640000	1.720559
881	0.000000	0.067742
882	0.000000	2.842317
883	0.640000	2.295487
884	0.000000	1.598726
885	0.320000	0.858578
886	0.000000	1.442963
887	0.000000	0.507889
888	0.320000	0.946154
889	0.000000	1.051157
890	0.000000	2.129404
891	0.000000	0.190509
892	2.240000	9.292460
893	0.000000	0.397365
894	0.320000	0.668042
895	0.320000	2.240075
896	0.320000	2.177017
897	1.920000	20.520151
898	0.320000	1.957288
899	0.000000	0.169636
900	0.000000	2.275157
901	0.320000	0.677577
902	0.000000	0.503976
903	0.000000	0.829970
904	0.960000	2.265413
905	0.320000	1.396216
906	0.320000	1.834793
907	0.320000	1.092094
908	0.640000	0.785821
909	0.640000	0.813931
910	0.640000	1.308829
911	0.640000	1.020093
912	0.320000	1.312138
913	0.000000	0.717007
914	0.960000	1.495877
915	0.320000	1.373220
916	0.960000	1.514430
917	1.280000	1.589443
918	0.320000	0.946581
919	0.320000	0.364934
920	0.000000	0.815906
921	0.640000	2.128780
922	1.920000	2.301498
923	0.640000	1.728781
924	0.960000	2.596277
925	0.960000	1.578327
926	0.320000	0.969555
927	0.960000	1.526217
928	0.320000	0.542366
929	0.000000	0.536770
930	0.320000	1.094901
931	0.960000	1.424213
932	0.640000	1.318523
933	0.320000	0.539474
934	0.960000	2.383737
935	0.960000	1.547191
936	0.000000	0.406978
937	0.000000	0.731390
938	2.240000	2.920884
939	0.320000	0.631592
940	0.320000	1.228877
941	0.000000	0.254375
942	0.000000	0.586543
943	0.640000	1.400217
944	0.320000	0.976852
945	1.280000	2.216415
946	0.640000	1.103877
947	0.640000	1.601193
948	3.200000	3.843727
949	1.920000	2.948155
950	0.320000	1.517822
951	0.640000	1.389491
952	1.280000	1.800756
953	0.960000	2.060552
954	0.320000	0.461925
955	0.320000	0.905811
956	0.320000	0.878194
957	0.320000	0.711319
958	0.960000	1.541069
959	0.640000	1.091069
960	0.320000	0.881709
961	1.280000	2.164069
962	0.320000	1.182804
963	0.320000	1.695009
964	0.960000	1.691671
965	0.000000	0.690162
966	0.640000	1.516281
967	0.640000	1.906127
968	2.560000	3.567225
969	0.000000	1.334441
970	0.320000	0.979222
971	0.320000	1.151880
972	0.640000	1.212343
973	1.920000	2.552923
974	0.000000	2.967223
975	0.320000	0.638136
976	0.960000	1.345817
977	0.640000	0.980593
978	0.320000	0.580254
979	0.000000	1.483706
980	0.640000	1.079841
981	0.960000	1.675695
982	0.960000	1.401288
983	0.000000	0.717092
984	0.960000	1.481100
985	0.000000	0.762601
986	1.280000	2.153562
987	1.280000	1.661020
988	0.000000	0.427530
989	0.000000	0.473030
990	0.640000	1.262363
991	0.320000	0.731280
992	0.000000	2.205614
993	0.000000	1.095011
994	0.320000	1.448803
995	0.000000	0.659854
996	0.000000	0.541402
997	0.640000	0.932798
998	0.000000	0.414620
999	0.000000	1.106824
1000	0.640000	2.138529
1001	0.640000	1.654454
1002	0.000000	0.721408
1003	0.320000	1.032330
1004	0.320000	0.770591
1005	1.280000	2.187883
1006	0.640000	1.454283
1007	1.920000	3.016284
1008	0.640000	3.113292
1009	0.320000	1.983614
1010	0.640000	1.734896
1011	0.960000	3.313696
1012	0.320000	0.594683
1013	0.320000	1.804103
1014	0.320000	1.505908
1015	0.960000	1.760861
1016	0.000000	0.599083
1017	0.320000	0.944957
1018	0.320000	0.913206
1019	0.000000	0.926079
1020	0.640000	1.772969
1021	0.000000	0.677360
1022	0.960000	2.461423
1023	0.640000	2.067702
1024	0.320000	1.171106
1025	0.640000	3.304642
1026	0.320000	1.841687
1027	0.000000	1.097325
1028	0.640000	2.197863
1029	0.320000	1.032330
1030	0.000000	1.392608
1031	1.600000	4.302473
1032	0.320000	1.415558
1033	0.000000	4.250186
1034	0.320000	1.057205
1035	0.640000	1.592136
1036	0.320000	2.267893
1037	2.560000	8.379502
1038	0.000000	0.115334
1039	0.320000	0.467282
1040	0.000000	1.444602
1041	0.320000	1.736143
1042	0.320000	0.683904
1043	0.000000	2.343350
1044	0.000000	0.230053
1045	0.960000	2.023872
1046	0.000000	0.270633
1047	0.320000	0.661338
1048	0.320000	1.508241
1049	0.000000	0.332723
1050	0.000000	1.111380
1051	0.000000	1.320488
1052	0.640000	1.740367
1053	0.640000	2.254366
1054	0.000000	1.460417
1055	0.320000	2.243472
1056	0.640000	1.371378
1057	0.960000	3.433736
1058	0.000000	1.098121
1059	0.320000	1.565639
1060	0.320000	0.804182
