94.080000	98.880000
101.760000	90.240000
97.920000	90.240000
98.880000	91.200000
98.880000	88.320000
96.000000	87.360000
101.760000	87.360000
100.800000	91.200000
94.080000	81.600000
100.800000	89.280000
99.840000	87.360000
96.960000	82.560000
97.920000	88.320000
99.840000	91.200000
96.000000	84.480000
98.880000	80.640000
99.840000	85.440000
99.840000	87.360000
94.080000	82.560000
93.120000	85.440000
95.040000	83.520000
95.040000	82.560000
95.040000	85.440000
100.800000	84.480000
87.360000	83.520000
88.320000	85.440000
94.080000	91.200000
93.120000	91.200000
95.040000	89.280000
102.720000	92.160000
98.880000	90.240000
97.920000	89.280000
94.080000	92.160000
98.880000	92.160000
101.760000	88.320000
95.040000	88.320000
94.080000	92.160000
95.040000	90.240000
93.120000	90.240000
98.880000	95.040000
100.800000	96.960000
95.040000	84.480000
96.000000	82.560000
99.840000	87.360000
105.600000	88.320000
99.840000	85.440000
96.960000	87.360000
101.760000	89.280000
101.760000	90.240000
92.160000	79.680000
95.040000	76.800000
103.680000	91.200000
103.680000	85.440000
90.240000	90.240000
99.840000	90.240000
93.120000	88.320000
95.040000	80.640000
94.080000	83.520000
97.920000	87.360000
99.840000	85.440000
96.000000	88.320000
93.120000	91.200000
95.040000	90.240000
94.080000	89.280000
94.080000	86.400000
94.080000	87.360000
96.000000	84.480000
94.080000	86.400000
98.880000	89.280000
97.920000	83.520000
99.840000	86.400000
105.600000	88.320000
96.960000	95.040000
91.200000	94.080000
92.160000	88.320000
95.040000	90.240000
95.040000	87.360000
94.080000	87.360000
96.960000	86.400000
96.960000	90.240000
93.120000	84.480000
97.920000	84.480000
96.000000	87.360000
94.080000	86.400000
96.000000	88.320000
97.920000	87.360000
91.200000	90.240000
94.080000	89.280000
104.640000	87.360000
105.600000	89.280000
93.120000	86.400000
98.880000	95.040000
96.000000	92.160000
93.120000	87.360000
93.120000	85.440000
106.560000	85.440000
106.560000	88.320000
94.080000	86.400000
94.080000	86.400000
93.120000	91.200000
96.960000	85.440000
94.080000	91.200000
96.960000	90.240000
94.080000	80.640000
95.040000	79.680000
95.040000	81.600000
97.920000	84.480000
99.840000	91.200000
98.880000	89.280000
92.160000	86.400000
92.160000	88.320000
96.960000	85.440000
93.120000	83.520000
96.960000	95.040000
94.080000	92.160000
96.960000	77.760000
99.840000	80.640000
96.000000	90.240000
95.040000	90.240000
94.080000	86.400000
92.160000	87.360000
96.000000	90.240000
96.000000	89.280000
97.920000	93.120000
96.000000	93.120000
99.840000	91.200000
103.680000	91.200000
101.760000	89.280000
95.040000	90.240000
95.040000	91.200000
93.120000	92.160000
98.880000	86.400000
99.840000	88.320000
94.080000	88.320000
92.160000	89.280000
96.960000	93.120000
97.920000	91.200000
96.960000	83.520000
105.600000	86.400000
99.840000	89.280000
99.840000	88.320000
95.040000	91.200000
96.960000	92.160000
96.000000	87.360000
97.920000	84.480000
96.000000	85.440000
95.040000	85.440000
94.080000	87.360000
95.040000	85.440000
92.160000	88.320000
102.720000	78.720000
101.760000	78.720000
105.600000	88.320000
98.880000	92.160000
93.120000	84.480000
95.040000	82.560000
97.920000	93.120000
100.800000	88.320000
91.200000	88.320000
91.200000	90.240000
96.000000	95.040000
96.960000	92.160000
96.000000	93.120000
96.000000	93.120000
96.000000	92.160000
96.960000	89.280000
97.920000	95.040000
97.920000	93.120000
96.000000	90.240000
96.000000	94.080000
94.080000	92.160000
96.960000	94.080000
96.960000	92.160000
96.000000	91.200000
95.040000	92.160000
96.000000	91.200000
96.000000	95.040000
96.000000	93.120000
96.960000	95.040000
96.960000	92.160000
96.960000	91.200000
98.880000	91.200000
98.880000	92.160000
95.040000	93.120000
98.880000	93.120000
96.960000	92.160000
97.920000	92.160000
96.000000	92.160000
96.960000	93.120000
96.960000	92.160000
96.000000	92.160000
96.000000	93.120000
96.960000	93.120000
96.960000	94.080000
97.920000	92.160000
96.960000	92.160000
97.920000	91.200000
100.800000	91.200000
96.960000	93.120000
98.880000	93.120000
96.000000	93.120000
96.960000	93.120000
97.920000	93.120000
95.040000	91.200000
97.920000	92.160000
98.880000	90.240000
97.920000	91.200000
96.960000	93.120000
96.000000	93.120000
96.960000	91.200000
97.920000	93.120000
95.040000	94.080000
96.000000	93.120000
96.960000	92.160000
97.920000	91.200000
98.880000	94.080000
96.000000	93.120000
98.880000	91.200000
96.960000	92.160000
96.000000	88.320000
96.000000	87.360000
96.000000	84.480000
95.040000	87.360000
98.880000	85.440000
96.000000	84.480000
97.920000	82.560000
98.880000	84.480000
95.040000	87.360000
96.000000	87.360000
97.920000	83.520000
96.960000	87.360000
96.960000	86.400000
97.920000	86.400000
96.000000	84.480000
96.000000	87.360000
96.000000	85.440000
96.000000	84.480000
96.000000	85.440000
96.000000	85.440000
96.000000	84.480000
95.040000	85.440000
95.040000	84.480000
96.960000	83.520000
96.000000	84.480000
96.000000	86.400000
98.880000	83.520000
95.040000	85.440000
96.000000	86.400000
96.960000	84.480000
98.880000	87.360000
96.960000	85.440000
96.000000	84.480000
94.080000	84.480000
97.920000	88.320000
96.000000	82.560000
96.000000	86.400000
96.000000	84.480000
96.000000	89.280000
97.920000	87.360000
96.000000	86.400000
97.920000	85.440000
95.040000	85.440000
98.880000	86.400000
96.000000	87.360000
96.960000	85.440000
95.040000	88.320000
97.920000	84.480000
96.960000	86.400000
97.920000	86.400000
96.000000	87.360000
96.960000	85.440000
96.000000	85.440000
96.960000	84.480000
94.080000	83.520000
95.040000	83.520000
96.000000	84.480000
96.960000	85.440000
91.200000	85.440000
96.960000	83.520000
96.960000	84.480000
97.920000	84.480000
95.040000	86.400000
97.920000	84.480000
95.040000	83.520000
92.160000	83.520000
100.800000	84.480000
96.960000	84.480000
97.920000	84.480000
96.960000	86.400000
95.040000	86.400000
97.920000	85.440000
92.160000	83.520000
95.040000	86.400000
96.000000	85.440000
96.960000	83.520000
97.920000	86.400000
96.960000	82.560000
97.920000	86.400000
96.000000	83.520000
96.000000	85.440000
97.920000	89.280000
97.920000	89.280000
96.000000	87.360000
99.840000	87.360000
99.840000	86.400000
98.880000	89.280000
99.840000	87.360000
96.000000	88.320000
97.920000	88.320000
96.000000	82.560000
96.960000	88.320000
97.920000	89.280000
98.880000	87.360000
96.000000	86.400000
96.000000	88.320000
95.040000	87.360000
97.920000	86.400000
97.920000	89.280000
96.000000	89.280000
96.000000	89.280000
95.040000	86.400000
96.000000	89.280000
96.960000	89.280000
95.040000	90.240000
104.640000	90.240000
99.840000	86.400000
101.760000	82.560000
98.880000	87.360000
97.920000	84.480000
103.680000	87.360000
100.800000	84.480000
99.840000	85.440000
99.840000	87.360000
99.840000	82.560000
97.920000	85.440000
99.840000	84.480000
97.920000	87.360000
102.720000	85.440000
97.920000	84.480000
99.840000	86.400000
100.800000	87.360000
99.840000	85.440000
99.840000	82.560000
100.800000	82.560000
98.880000	83.520000
99.840000	86.400000
98.880000	83.520000
101.760000	88.320000
100.800000	86.400000
100.800000	85.440000
99.840000	85.440000
96.960000	86.400000
95.040000	96.960000
94.080000	95.040000
94.080000	97.920000
96.000000	98.880000
95.040000	95.040000
93.120000	96.960000
94.080000	95.040000
96.000000	96.960000
93.120000	96.000000
94.080000	98.880000
92.160000	94.080000
95.040000	96.000000
95.040000	96.000000
92.160000	95.040000
94.080000	98.880000
93.120000	96.000000
93.120000	95.040000
93.120000	93.120000
94.080000	96.960000
94.080000	96.000000
92.160000	95.040000
92.160000	97.920000
95.040000	96.960000
92.160000	94.080000
96.000000	98.880000
94.080000	96.960000
95.040000	97.920000
92.160000	98.880000
96.000000	98.880000
94.080000	96.000000
95.040000	94.080000
94.080000	94.080000
94.080000	96.000000
93.120000	94.080000
92.160000	95.040000
92.160000	96.960000
92.160000	97.920000
94.080000	95.040000
90.240000	96.000000
93.120000	95.040000
96.000000	96.960000
94.080000	96.000000
93.120000	96.960000
93.120000	96.000000
96.000000	96.000000
94.080000	97.920000
95.040000	94.080000
95.040000	95.040000
93.120000	96.000000
92.160000	95.040000
95.040000	93.120000
96.000000	96.960000
94.080000	93.120000
96.000000	92.160000
97.920000	94.080000
93.120000	95.040000
97.920000	94.080000
93.120000	96.000000
93.120000	93.120000
96.000000	97.920000
95.040000	93.120000
93.120000	95.040000
95.040000	96.000000
94.080000	94.080000
93.120000	95.040000
94.080000	93.120000
94.080000	93.120000
92.160000	95.040000
96.000000	95.040000
94.080000	94.080000
80.640000	87.360000
92.160000	95.040000
91.200000	94.080000
92.160000	94.080000
93.120000	95.040000
95.040000	95.040000
95.040000	93.120000
94.080000	93.120000
94.080000	96.960000
94.080000	93.120000
95.040000	93.120000
96.000000	95.040000
95.040000	97.920000
92.160000	94.080000
96.960000	94.080000
92.160000	94.080000
94.080000	93.120000
96.000000	95.040000
95.040000	93.120000
95.040000	95.040000
95.040000	95.040000
96.000000	95.040000
93.120000	96.000000
94.080000	96.000000
93.120000	94.080000
96.000000	96.000000
96.960000	96.000000
94.080000	93.120000
96.000000	96.000000
94.080000	96.960000
94.080000	97.920000
94.080000	98.880000
103.680000	90.240000
94.080000	95.040000
94.080000	97.920000
95.040000	96.000000
92.160000	96.000000
95.040000	92.160000
96.000000	94.080000
97.920000	97.920000
95.040000	96.960000
95.040000	94.080000
95.040000	95.040000
93.120000	95.040000
93.120000	95.040000
95.040000	96.960000
93.120000	95.040000
96.960000	96.000000
96.960000	96.000000
92.160000	96.960000
95.040000	97.920000
94.080000	96.960000
95.040000	95.040000
95.040000	93.120000
87.360000	88.320000
94.080000	96.000000
95.040000	96.960000
93.120000	93.120000
94.080000	96.960000
95.040000	95.040000
96.000000	96.000000
94.080000	96.000000
94.080000	94.080000
96.000000	95.040000
94.080000	94.080000
96.000000	93.120000
92.160000	96.000000
94.080000	94.080000
95.040000	94.080000
96.960000	95.040000
96.000000	96.960000
96.960000	82.560000
96.960000	85.440000
96.960000	83.520000
95.040000	83.520000
96.960000	85.440000
97.920000	85.440000
99.840000	84.480000
95.040000	81.600000
96.000000	82.560000
93.120000	81.600000
96.000000	82.560000
97.920000	85.440000
97.920000	85.440000
96.960000	84.480000
97.920000	82.560000
95.040000	84.480000
96.000000	85.440000
97.920000	83.520000
96.960000	86.400000
97.920000	82.560000
97.920000	83.520000
96.000000	81.600000
97.920000	84.480000
96.000000	85.440000
99.840000	83.520000
96.960000	82.560000
99.840000	83.520000
98.880000	84.480000
96.000000	84.480000
98.880000	82.560000
96.960000	84.480000
97.920000	82.560000
96.960000	82.560000
95.040000	84.480000
96.000000	84.480000
96.000000	83.520000
96.000000	84.480000
95.040000	83.520000
94.080000	83.520000
96.000000	82.560000
94.080000	83.520000
96.000000	85.440000
97.920000	80.640000
94.080000	82.560000
93.120000	85.440000
95.040000	83.520000
94.080000	82.560000
95.040000	83.520000
97.920000	79.680000
96.000000	80.640000
95.040000	81.600000
95.040000	82.560000
96.960000	81.600000
96.000000	81.600000
96.960000	80.640000
96.960000	82.560000
95.040000	82.560000
96.960000	81.600000
94.080000	82.560000
94.080000	81.600000
96.960000	80.640000
95.040000	84.480000
96.960000	87.360000
96.960000	84.480000
96.960000	86.400000
96.000000	82.560000
95.040000	85.440000
96.960000	81.600000
97.920000	83.520000
95.040000	80.640000
95.040000	86.400000
96.960000	86.400000
96.000000	88.320000
96.000000	83.520000
96.000000	85.440000
95.040000	85.440000
94.080000	86.400000
96.960000	84.480000
94.080000	83.520000
98.880000	86.400000
96.000000	83.520000
96.960000	85.440000
96.960000	84.480000
94.080000	86.400000
96.000000	85.440000
97.920000	83.520000
95.040000	85.440000
95.040000	86.400000
96.960000	84.480000
96.000000	83.520000
95.040000	86.400000
96.960000	84.480000
96.000000	86.400000
94.080000	85.440000
101.760000	84.480000
100.800000	84.480000
96.960000	89.280000
101.760000	89.280000
103.680000	89.280000
102.720000	88.320000
95.040000	90.240000
104.640000	89.280000
102.720000	90.240000
100.800000	89.280000
101.760000	88.320000
102.720000	89.280000
99.840000	88.320000
97.920000	90.240000
96.000000	93.120000
96.960000	92.160000
96.000000	91.200000
100.800000	92.160000
100.800000	88.320000
96.000000	90.240000
101.760000	93.120000
102.720000	89.280000
99.840000	91.200000
100.800000	91.200000
98.880000	90.240000
100.800000	92.160000
96.000000	88.320000
102.720000	95.040000
105.600000	85.440000
105.600000	85.440000
99.840000	85.440000
101.760000	84.480000
104.640000	83.520000
102.720000	86.400000
100.800000	85.440000
102.720000	85.440000
102.720000	83.520000
103.680000	86.400000
99.840000	87.360000
104.640000	87.360000
98.880000	87.360000
103.680000	85.440000
103.680000	86.400000
102.720000	84.480000
104.640000	86.400000
103.680000	84.480000
104.640000	85.440000
100.800000	85.440000
102.720000	85.440000
94.080000	82.560000
101.760000	79.680000
100.800000	82.560000
102.720000	80.640000
103.680000	83.520000
105.600000	81.600000
104.640000	77.760000
101.760000	83.520000
102.720000	78.720000
103.680000	86.400000
104.640000	82.560000
102.720000	80.640000
102.720000	85.440000
102.720000	83.520000
98.880000	79.680000
107.520000	83.520000
102.720000	83.520000
104.640000	79.680000
99.840000	79.680000
100.800000	84.480000
102.720000	80.640000
103.680000	84.480000
102.720000	79.680000
97.920000	78.720000
102.720000	83.520000
104.640000	83.520000
102.720000	83.520000
102.720000	84.480000
104.640000	84.480000
102.720000	82.560000
103.680000	85.440000
98.880000	80.640000
106.560000	83.520000
106.560000	82.560000
100.800000	83.520000
102.720000	80.640000
108.480000	81.600000
101.760000	82.560000
104.640000	81.600000
105.600000	84.480000
102.720000	85.440000
102.720000	85.440000
106.560000	84.480000
102.720000	82.560000
106.560000	80.640000
102.720000	83.520000
103.680000	83.520000
102.720000	81.600000
104.640000	79.680000
103.680000	80.640000
104.640000	81.600000
102.720000	79.680000
98.880000	79.680000
102.720000	83.520000
103.680000	81.600000
102.720000	84.480000
106.560000	82.560000
102.720000	84.480000
102.720000	79.680000
103.680000	84.480000
98.880000	80.640000
103.680000	82.560000
101.760000	82.560000
101.760000	83.520000
100.800000	81.600000
99.840000	82.560000
102.720000	80.640000
102.720000	82.560000
98.880000	90.240000
97.920000	87.360000
99.840000	90.240000
98.880000	89.280000
100.800000	91.200000
97.920000	90.240000
97.920000	91.200000
102.720000	90.240000
99.840000	88.320000
105.600000	89.280000
99.840000	87.360000
98.880000	88.320000
97.920000	87.360000
101.760000	91.200000
100.800000	88.320000
94.080000	94.080000
96.960000	86.400000
101.760000	90.240000
96.960000	89.280000
100.800000	90.240000
101.760000	88.320000
100.800000	93.120000
98.880000	90.240000
101.760000	90.240000
101.760000	90.240000
102.720000	89.280000
98.880000	93.120000
99.840000	89.280000
97.920000	89.280000
102.720000	89.280000
101.760000	91.200000
101.760000	89.280000
98.880000	91.200000
102.720000	89.280000
100.800000	89.280000
99.840000	89.280000
103.680000	96.000000
99.840000	91.200000
97.920000	89.280000
96.960000	80.640000
102.720000	90.240000
96.960000	88.320000
93.120000	83.520000
101.760000	91.200000
103.680000	91.200000
97.920000	93.120000
96.960000	89.280000
98.880000	86.400000
102.720000	89.280000
100.800000	92.160000
96.000000	90.240000
98.880000	91.200000
102.720000	92.160000
96.960000	90.240000
99.840000	89.280000
100.800000	91.200000
95.040000	89.280000
99.840000	93.120000
98.880000	92.160000
99.840000	94.080000
100.800000	94.080000
97.920000	91.200000
96.960000	91.200000
98.880000	93.120000
103.680000	89.280000
98.880000	92.160000
99.840000	94.080000
101.760000	91.200000
98.880000	90.240000
98.880000	91.200000
96.000000	93.120000
96.000000	92.160000
97.920000	93.120000
103.680000	92.160000
95.040000	91.200000
98.880000	91.200000
97.920000	92.160000
95.040000	92.160000
97.920000	91.200000
90.240000	84.480000
101.760000	87.360000
96.960000	86.400000
95.040000	89.280000
95.040000	90.240000
97.920000	90.240000
94.080000	87.360000
96.960000	90.240000
100.800000	86.400000
100.800000	90.240000
96.000000	88.320000
96.000000	89.280000
99.840000	89.280000
96.000000	89.280000
96.960000	90.240000
97.920000	88.320000
102.720000	87.360000
96.000000	88.320000
105.600000	87.360000
95.040000	88.320000
98.880000	88.320000
96.000000	89.280000
95.040000	89.280000
96.960000	87.360000
96.000000	91.200000
96.000000	88.320000
97.920000	78.720000
87.360000	81.600000
99.840000	89.280000
96.960000	88.320000
98.880000	89.280000
101.760000	89.280000
98.880000	89.280000
97.920000	88.320000
100.800000	88.320000
99.840000	90.240000
100.800000	91.200000
98.880000	87.360000
96.960000	85.440000
99.840000	92.160000
100.800000	89.280000
101.760000	87.360000
102.720000	91.200000
98.880000	88.320000
97.920000	88.320000
101.760000	89.280000
98.880000	89.280000
94.080000	86.400000
95.040000	90.240000
96.000000	90.240000
93.120000	84.480000
97.920000	87.360000
97.920000	85.440000
97.920000	88.320000
97.920000	88.320000
100.800000	83.520000
102.720000	84.480000
99.840000	83.520000
101.760000	82.560000
100.800000	88.320000
96.960000	82.560000
98.880000	82.560000
97.920000	85.440000
95.040000	83.520000
96.960000	84.480000
96.000000	87.360000
96.000000	83.520000
99.840000	85.440000
93.120000	78.720000
98.880000	83.520000
96.000000	82.560000
99.840000	84.480000
98.880000	81.600000
100.800000	81.600000
97.920000	87.360000
98.880000	82.560000
98.880000	87.360000
104.640000	87.360000
99.840000	87.360000
95.040000	81.600000
97.920000	81.600000
96.960000	87.360000
96.960000	90.240000
98.880000	90.240000
98.880000	91.200000
97.920000	92.160000
98.880000	90.240000
95.040000	92.160000
93.120000	92.160000
96.960000	91.200000
96.000000	92.160000
95.040000	90.240000
96.000000	91.200000
100.800000	90.240000
97.920000	90.240000
96.960000	88.320000
93.120000	89.280000
96.000000	91.200000
99.840000	93.120000
93.120000	93.120000
95.040000	91.200000
95.040000	89.280000
97.920000	92.160000
96.000000	92.160000
98.880000	93.120000
95.040000	88.320000
96.000000	91.200000
96.960000	90.240000
98.880000	84.480000
96.960000	92.160000
96.000000	91.200000
96.960000	87.360000
97.920000	89.280000
114.240000	90.240000
92.160000	92.160000
97.920000	90.240000
97.920000	90.240000
95.040000	89.280000
96.000000	91.200000
97.920000	91.200000
96.000000	92.160000
93.120000	90.240000
94.080000	93.120000
97.920000	91.200000
92.160000	87.360000
93.120000	84.480000
92.160000	83.520000
91.200000	86.400000
93.120000	84.480000
94.080000	86.400000
94.080000	87.360000
91.200000	83.520000
89.280000	82.560000
90.240000	86.400000
92.160000	83.520000
92.160000	87.360000
94.080000	85.440000
92.160000	88.320000
92.160000	86.400000
91.200000	85.440000
93.120000	84.480000
92.160000	86.400000
93.120000	83.520000
93.120000	87.360000
90.240000	84.480000
94.080000	83.520000
91.200000	82.560000
94.080000	85.440000
93.120000	85.440000
90.240000	86.400000
92.160000	87.360000
92.160000	83.520000
92.160000	86.400000
91.200000	86.400000
95.040000	85.440000
93.120000	84.480000
93.120000	87.360000
93.120000	85.440000
93.120000	87.360000
92.160000	86.400000
90.240000	84.480000
88.320000	86.400000
92.160000	87.360000
92.160000	87.360000
90.240000	85.440000
91.200000	86.400000
92.160000	86.400000
91.200000	86.400000
92.160000	86.400000
89.280000	86.400000
93.120000	85.440000
96.000000	84.480000
93.120000	85.440000
99.840000	78.720000
89.280000	87.360000
90.240000	87.360000
92.160000	86.400000
92.160000	85.440000
95.040000	87.360000
92.160000	88.320000
91.200000	85.440000
91.200000	86.400000
90.240000	86.400000
91.200000	86.400000
94.080000	85.440000
89.280000	85.440000
94.080000	86.400000
93.120000	87.360000
91.200000	86.400000
93.120000	86.400000
92.160000	85.440000
94.080000	85.440000
92.160000	85.440000
95.040000	86.400000
94.080000	86.400000
92.160000	86.400000
93.120000	88.320000
91.200000	87.360000
93.120000	87.360000
92.160000	84.480000
92.160000	87.360000
92.160000	88.320000
91.200000	86.400000
91.200000	84.480000
92.160000	88.320000
93.120000	86.400000
91.200000	88.320000
98.880000	91.200000
101.760000	89.280000
101.760000	89.280000
99.840000	90.240000
103.680000	88.320000
99.840000	90.240000
102.720000	90.240000
100.800000	92.160000
101.760000	88.320000
100.800000	88.320000
96.960000	90.240000
103.680000	90.240000
101.760000	89.280000
100.800000	88.320000
102.720000	89.280000
100.800000	92.160000
100.800000	91.200000
103.680000	92.160000
99.840000	91.200000
101.760000	91.200000
101.760000	92.160000
100.800000	89.280000
101.760000	91.200000
103.680000	88.320000
101.760000	89.280000
96.960000	86.400000
104.640000	89.280000
99.840000	91.200000
97.920000	90.240000
100.800000	89.280000
100.800000	87.360000
104.640000	91.200000
100.800000	93.120000
101.760000	91.200000
102.720000	91.200000
102.720000	93.120000
96.000000	84.480000
102.720000	88.320000
101.760000	89.280000
101.760000	87.360000
100.800000	88.320000
102.720000	90.240000
101.760000	92.160000
101.760000	91.200000
110.400000	86.400000
103.680000	93.120000
97.920000	94.080000
102.720000	87.360000
100.800000	91.200000
107.520000	93.120000
101.760000	94.080000
102.720000	91.200000
102.720000	91.200000
101.760000	91.200000
100.800000	89.280000
101.760000	87.360000
100.800000	89.280000
102.720000	91.200000
98.880000	91.200000
102.720000	89.280000
100.800000	90.240000
99.840000	88.320000
104.640000	90.240000
98.880000	89.280000
106.560000	92.160000
96.960000	86.400000
98.880000	90.240000
99.840000	81.600000
98.880000	84.480000
106.560000	84.480000
