No.	Z Error(mm)	3D Error
1	1.920000	2.669976
2	1.920000	2.822718
3	1.280000	1.722173
4	1.280000	3.037426
5	0.320000	0.824106
6	2.240000	3.615893
7	0.640000	2.084231
8	0.640000	1.576625
9	9.280000	15.747794
10	6.080000	12.002110
11	1.600000	2.358991
12	7.040000	11.213190
13	2.240000	4.227926
14	0.960000	1.764363
15	1.920000	3.360961
16	1.280000	1.687417
17	8.960000	15.480182
18	8.640000	15.731454
19	0.960000	2.360362
20	1.600000	5.010856
21	1.280000	2.928634
22	4.800000	8.984997
23	3.200000	3.925363
24	1.920000	3.911824
25	1.600000	2.896729
26	2.560000	11.992464
27	2.560000	4.628106
28	0.000000	0.634252
29	2.240000	6.922853
30	3.840000	13.533598
31	0.000000	0.896490
32	0.320000	0.388119
33	0.640000	1.290566
34	1.280000	1.901671
35	2.560000	4.379677
36	3.840000	5.576755
37	2.880000	4.268872
38	3.520000	5.279354
39	0.960000	1.791379
40	2.560000	3.685806
41	3.200000	5.317837
42	0.320000	1.611765
43	0.640000	2.623047
44	1.280000	2.008741
45	1.280000	2.359351
46	1.920000	3.585088
47	1.280000	2.030931
48	0.640000	1.378144
49	0.000000	1.488526
50	8.960000	17.302490
51	1.600000	4.172697
52	2.560000	6.308341
53	0.640000	3.469850
54	1.280000	1.618125
55	0.320000	4.221131
56	1.600000	7.601233
57	1.280000	2.990712
58	0.000000	0.480993
59	1.920000	3.293946
60	3.200000	6.289721
61	0.000000	0.327777
62	0.320000	0.780349
63	0.960000	1.526480
64	0.000000	0.615970
65	0.320000	1.661000
66	0.320000	2.079795
67	0.320000	0.893909
68	8.320000	13.809199
69	4.480000	7.618749
70	0.960000	4.043844
71	1.280000	2.881741
72	0.640000	2.743671
73	2.560000	5.647617
74	7.680000	12.835548
75	0.960000	2.305462
76	1.600000	3.190748
77	0.000000	2.568339
78	3.520000	4.333033
79	4.160000	6.306944
80	3.840000	7.135302
81	9.600000	17.456023
82	1.920000	4.295822
83	14.720000	24.800448
84	18.880000	27.742489
85	0.320000	1.461622
86	0.320000	1.320802
87	7.680000	12.474847
88	5.440000	10.320630
89	7.680000	8.426391
90	6.400000	8.082823
91	6.400000	10.535046
92	2.240000	5.950408
93	2.560000	3.779598
94	0.640000	1.137456
95	9.920000	18.656204
96	6.400000	9.576493
97	2.240000	3.662586
98	8.960000	15.525378
99	7.680000	14.422878
100	2.240000	3.575004
101	0.000000	0.976755
102	1.280000	2.139799
103	0.640000	1.187339
104	5.760000	16.548528
105	9.600000	16.184272
106	2.560000	6.157124
107	1.920000	3.757656
108	6.080000	10.742574
109	0.320000	1.969521
110	8.320000	13.784622
111	0.320000	1.419680
112	4.480000	7.853458
113	0.320000	0.740553
114	4.800000	9.732348
115	4.800000	9.889261
116	4.800000	8.363810
117	9.920000	13.197716
118	7.680000	10.132571
119	1.280000	1.837364
120	0.960000	5.718747
121	4.480000	9.493824
122	1.280000	3.335295
123	0.960000	2.425134
124	5.760000	9.365490
125	1.920000	3.935245
126	2.880000	6.664930
127	2.240000	5.130599
128	1.280000	3.035228
129	0.000000	1.785280
130	3.840000	4.962809
131	2.880000	4.556288
132	1.600000	2.909778
133	1.280000	1.631845
134	9.280000	16.790203
135	4.160000	6.755336
136	0.960000	1.353617
137	6.720000	10.950787
138	0.640000	1.383263
139	0.640000	2.118870
140	2.560000	6.193230
141	4.800000	11.620006
142	7.040000	14.033379
143	0.000000	0.270500
144	2.880000	5.567685
145	0.640000	4.476612
146	1.920000	4.783278
147	0.000000	2.732899
148	0.000000	1.576086
149	0.000000	1.252116
150	5.440000	9.373487
151	1.600000	2.275348
152	0.960000	1.301794
153	0.320000	3.284534
154	3.200000	6.639690
155	2.880000	7.709568
156	0.960000	1.193392
157	5.440000	8.450539
158	1.280000	2.799614
159	1.600000	3.355540
160	1.280000	3.167980
161	0.320000	0.788341
162	0.320000	0.931466
163	1.280000	2.840253
164	8.960000	13.970367
165	4.800000	10.058904
166	1.280000	2.302210
167	1.920000	3.791569
168	0.000000	1.577709
169	0.960000	2.169487
170	1.600000	2.312616
171	0.320000	1.004747
172	0.000000	1.593775
173	0.000000	1.030135
174	1.600000	2.569058
175	0.320000	1.130561
176	2.240000	4.745669
177	0.000000	3.280320
178	1.280000	2.792198
179	0.000000	0.321322
180	0.640000	1.072293
181	0.640000	3.085519
182	4.160000	6.973324
183	1.600000	3.359170
184	0.320000	2.249862
185	5.760000	14.217541
186	0.000000	1.345452
187	1.280000	2.914154
188	0.320000	1.351835
189	0.320000	1.625957
190	5.120000	9.382577
191	7.680000	13.711042
192	0.960000	2.055584
193	1.280000	2.973993
194	5.120000	9.885197
195	1.600000	3.941132
196	1.280000	2.708052
197	4.160000	7.659456
198	1.280000	2.371765
199	0.640000	1.630404
200	1.280000	9.915876
201	0.640000	1.776571
202	1.280000	3.145939
203	3.200000	4.997380
204	7.040000	12.445343
205	1.920000	3.704197
206	0.640000	1.903176
207	0.960000	2.414672
208	0.320000	0.631812
209	6.720000	10.558973
210	0.640000	1.856507
211	5.760000	9.623282
212	1.600000	2.976844
213	3.200000	4.712028
214	1.600000	2.709303
215	0.640000	1.395752
216	2.560000	4.310596
217	1.280000	2.186267
218	7.680000	11.975615
219	0.320000	2.587079
220	0.320000	0.762611
221	1.280000	1.533982
222	4.480000	7.819338
223	0.960000	1.295695
224	3.200000	5.641350
225	0.960000	1.475240
226	0.000000	0.355643
227	1.280000	3.219013
228	0.320000	0.390133
229	1.280000	3.552873
230	4.800000	9.269230
231	0.320000	0.516038
232	4.160000	8.543567
233	6.080000	10.870572
234	1.280000	3.358610
235	2.560000	5.619996
236	4.480000	7.931245
237	3.200000	7.543767
238	0.320000	2.497839
239	7.680000	14.200299
240	4.160000	6.666534
241	3.520000	7.893846
242	0.320000	0.867361
243	1.280000	2.214180
244	8.000000	12.312805
245	5.440000	10.543428
246	1.600000	2.632855
247	0.000000	0.471980
248	6.720000	13.205531
249	5.440000	11.539539
250	0.320000	4.165698
251	6.080000	12.104960
252	0.000000	1.087204
253	7.040000	13.597108
254	6.400000	12.299520
255	2.880000	6.362603
256	5.120000	9.610321
257	6.080000	10.331895
258	0.640000	1.287259
259	0.000000	1.364995
260	0.320000	1.855023
261	3.840000	6.897029
262	2.240000	5.707185
263	2.240000	3.816788
264	6.400000	11.872179
265	3.520000	6.308244
266	0.960000	2.985023
267	0.320000	0.524463
268	0.320000	0.659625
269	3.840000	7.026902
270	1.280000	3.288506
271	1.600000	2.181798
272	0.320000	1.245349
273	1.280000	2.728770
274	3.200000	6.063525
275	1.920000	3.338351
276	4.480000	7.782887
277	6.720000	11.713787
278	4.480000	8.497795
279	5.760000	10.916380
280	4.160000	7.271405
281	5.440000	8.623323
282	4.800000	9.862872
283	2.560000	4.800725
284	5.760000	12.686824
285	4.480000	8.436174
286	1.920000	4.248488
287	0.320000	2.948301
288	1.600000	3.396888
289	5.120000	8.329189
290	0.320000	1.337006
291	5.760000	10.545025
292	6.400000	8.829961
293	0.960000	2.070784
294	1.920000	3.740406
295	4.800000	7.668304
296	3.840000	6.067368
297	2.240000	3.376371
298	5.760000	9.732617
299	8.640000	13.396476
300	6.400000	11.089977
301	0.960000	2.415285
302	0.640000	12.754669
303	3.520000	6.120835
304	7.680000	12.135716
305	0.960000	2.472794
306	0.640000	13.424532
307	2.560000	12.703379
308	0.960000	13.693147
309	2.560000	12.542511
310	2.560000	17.316657
311	1.600000	12.161569
312	1.600000	10.948589
313	4.160000	7.989609
314	8.320000	14.581347
315	4.160000	9.728095
316	0.960000	1.770609
317	0.960000	16.461247
318	0.960000	2.090379
319	0.000000	5.490211
320	0.000000	2.270829
321	4.480000	9.018527
322	0.000000	11.690974
323	3.200000	6.153747
324	3.840000	12.684802
325	0.640000	2.315962
326	3.520000	8.928339
327	0.000000	3.629812
328	2.880000	3.984350
329	9.920000	16.861732
330	1.280000	2.811184
331	0.960000	3.007729
332	0.960000	3.540664
333	8.640000	15.879655
334	1.920000	3.296649
335	1.280000	2.338781
336	0.640000	3.947136
337	1.280000	2.469479
338	4.480000	7.643392
339	0.960000	4.810259
340	7.360000	12.133612
341	0.960000	2.149326
342	3.200000	4.971462
343	0.000000	3.870977
344	0.960000	2.578616
345	0.640000	1.699880
346	0.000000	3.286330
347	0.000000	2.167271
348	0.320000	2.230066
349	1.600000	4.256653
350	0.000000	3.259905
351	1.600000	3.947405
352	0.320000	1.771762
353	5.440000	12.502465
354	4.480000	13.087092
355	5.760000	11.182103
356	0.640000	4.356499
357	2.880000	10.256070
358	1.600000	3.183420
359	3.200000	9.054128
360	0.320000	0.785830
361	5.440000	8.977002
362	0.640000	1.157223
363	3.840000	5.901236
364	0.000000	1.338482
365	6.400000	12.209430
366	6.400000	12.290431
367	2.880000	5.211609
368	4.160000	9.298562
369	0.960000	5.028007
370	1.280000	3.294702
371	0.640000	1.734658
372	3.840000	10.185940
373	0.960000	2.990078
374	8.640000	14.636389
375	6.080000	9.850996
376	0.960000	5.913233
377	0.000000	0.862107
378	1.920000	3.137484
379	7.040000	10.927858
380	0.960000	1.738526
381	2.560000	5.395256
382	0.320000	1.350782
383	7.680000	12.844965
384	9.920000	16.745123
385	1.600000	4.343303
386	0.000000	3.530165
387	4.160000	6.717960
388	0.320000	2.400411
389	3.200000	5.071502
390	1.920000	4.135136
391	7.360000	12.203972
392	0.320000	1.165315
393	0.640000	1.930130
394	3.840000	8.861408
395	3.200000	5.895892
396	4.480000	7.942526
397	0.320000	0.556760
398	2.240000	4.554679
399	0.960000	1.557989
400	0.320000	2.790427
401	0.320000	1.079341
402	0.320000	1.039038
403	0.960000	2.518751
404	3.200000	5.180263
405	2.240000	3.599223
406	1.280000	3.554695
407	1.280000	1.945374
408	4.800000	7.885023
409	1.600000	4.664394
410	1.280000	2.317164
411	0.000000	0.460406
412	0.640000	0.899622
413	1.920000	2.642680
414	1.280000	3.600548
415	4.480000	7.434153
416	0.640000	1.198528
417	0.960000	1.569052
418	3.840000	6.375803
419	1.600000	2.503619
420	0.640000	2.631923
421	0.640000	4.067573
422	2.880000	4.942388
423	0.320000	6.063074
424	1.600000	4.411049
425	2.560000	5.944505
426	2.240000	3.784952
427	5.120000	9.269423
428	2.560000	8.589940
429	2.240000	8.587852
430	0.000000	0.388598
431	1.600000	3.214379
432	2.880000	4.002355
433	0.320000	1.894009
434	0.640000	1.858375
435	0.320000	1.337006
436	0.000000	2.953387
437	0.320000	0.644493
438	0.320000	2.450842
439	1.280000	1.973406
440	1.280000	1.755166
441	0.640000	1.369718
442	0.320000	0.536510
443	1.280000	2.366642
444	3.200000	5.457788
445	0.000000	1.938461
446	0.960000	2.569978
447	0.960000	2.488608
448	0.320000	2.044205
449	0.640000	1.477402
450	0.000000	0.476513
451	0.320000	0.625737
452	0.960000	1.791516
453	2.240000	4.299470
454	0.320000	1.731609
455	1.280000	3.346988
456	2.560000	4.093034
457	0.960000	1.514037
458	0.320000	0.438640
459	0.960000	1.456125
460	0.320000	1.620246
461	1.280000	2.067769
462	0.000000	2.545740
463	0.960000	1.912398
464	1.920000	3.663385
465	0.960000	2.086898
466	2.560000	4.910306
467	4.800000	8.167814
468	0.320000	2.150882
469	3.840000	7.006457
470	2.240000	4.720098
471	0.640000	2.190085
472	1.920000	3.500677
473	1.600000	3.213257
474	0.960000	2.557477
475	0.320000	1.096348
476	0.640000	1.453577
477	5.120000	12.266918
478	1.920000	3.326806
479	0.640000	1.379316
480	1.600000	3.103469
481	1.280000	2.492434
482	0.960000	2.352308
483	0.000000	2.615376
484	1.600000	2.736221
485	2.880000	4.942548
486	1.280000	1.785457
487	0.320000	1.899693
488	1.280000	2.590241
489	0.000000	0.875104
490	1.920000	3.776261
491	1.280000	2.510334
492	0.320000	1.164797
493	0.320000	1.962379
494	0.960000	11.325668
495	1.600000	8.582374
496	0.320000	8.032057
497	4.480000	9.683298
498	3.200000	14.635015
499	3.520000	9.277024
500	0.640000	4.112544
501	0.960000	11.787926
502	4.800000	8.323397
503	6.080000	10.638899
504	2.560000	13.354767
505	0.000000	6.611066
506	1.920000	9.554586
507	2.880000	7.900958
508	1.920000	12.534269
509	1.920000	7.526381
510	4.160000	6.925899
511	0.320000	2.889122
512	2.560000	11.776239
513	5.760000	12.947171
514	0.320000	0.436931
515	2.560000	3.260185
516	2.880000	6.068566
517	2.240000	2.791729
518	7.040000	10.521576
519	2.240000	4.466843
520	5.440000	9.923290
521	5.760000	10.467577
522	0.960000	1.794772
523	2.240000	3.216843
524	6.400000	13.449712
525	3.520000	4.604349
526	2.240000	8.524712
527	6.400000	11.261467
528	3.200000	4.958294
529	0.640000	2.220285
530	1.280000	2.843404
531	3.200000	4.355520
532	6.400000	9.390852
533	1.280000	4.377373
534	4.800000	11.994926
535	0.640000	10.682923
536	2.240000	11.186113
537	3.840000	8.362077
538	0.320000	0.677358
539	0.640000	1.590195
540	3.200000	11.713910
541	1.600000	2.921787
542	1.280000	3.123823
543	0.000000	0.465665
544	0.960000	5.818442
545	3.520000	6.572363
546	3.840000	7.804064
547	0.960000	1.380850
548	2.880000	7.137992
549	0.320000	1.310000
550	0.320000	1.590649
551	2.560000	10.734523
552	0.000000	9.625105
553	0.960000	2.104445
554	1.600000	9.439085
555	0.320000	9.581278
556	0.320000	0.437592
557	0.640000	7.654698
558	0.000000	7.142957
559	3.520000	6.335724
560	7.040000	11.719429
561	2.560000	4.796390
562	0.320000	1.499158
563	2.880000	6.038726
564	0.640000	10.645678
565	0.000000	0.580366
566	0.640000	0.992276
567	1.600000	2.857161
568	0.320000	0.588017
569	3.840000	10.861484
570	0.640000	12.024859
571	0.640000	1.789217
572	0.640000	1.927765
573	2.880000	5.952682
574	0.640000	3.667187
575	1.920000	3.907981
576	0.960000	2.536279
577	0.320000	3.316623
578	2.560000	3.553993
579	6.400000	11.062561
580	1.280000	2.259828
581	0.000000	2.382920
582	0.640000	4.751982
583	0.000000	1.515750
584	1.280000	1.853039
585	1.600000	3.310758
586	3.200000	8.479827
587	5.760000	10.625267
588	2.880000	6.418382
589	3.840000	7.786314
590	1.920000	3.921424
591	0.320000	3.277411
592	0.960000	1.912419
593	2.560000	6.932060
594	0.960000	2.813113
595	0.960000	1.729961
596	1.600000	2.080125
597	0.320000	1.542109
598	0.640000	2.276266
599	4.800000	14.386317
600	0.320000	1.637979
601	0.640000	2.078666
602	0.320000	1.385317
603	0.640000	1.305309
604	0.640000	1.876676
605	0.320000	4.144732
606	0.320000	0.462263
607	6.080000	11.948520
608	3.840000	7.364880
609	8.960000	14.109719
610	0.320000	0.431624
611	0.320000	0.552739
612	1.600000	2.192875
613	0.960000	2.820797
614	1.280000	2.438935
615	0.320000	0.845100
616	0.320000	1.707052
617	1.280000	2.041606
618	0.320000	0.921098
619	1.280000	2.860242
620	1.280000	2.146915
621	11.840000	18.415076
622	1.920000	3.579676
623	1.920000	4.650993
624	1.920000	3.855170
625	0.000000	3.338482
626	0.640000	1.715585
627	3.520000	6.547663
628	1.600000	3.939141
629	1.920000	4.963090
630	1.920000	4.215220
631	0.320000	0.768242
632	0.320000	4.155039
633	2.240000	3.978881
634	0.000000	0.098329
635	0.640000	1.862415
636	1.920000	3.410213
637	1.280000	1.853558
638	1.920000	3.657653
639	0.320000	0.633896
640	0.320000	0.661818
641	0.000000	0.926834
642	0.960000	1.569978
643	0.640000	1.267278
644	2.240000	4.432219
645	0.640000	0.807518
646	1.280000	5.189457
647	0.320000	1.803632
648	0.320000	2.523372
649	0.640000	1.607828
650	0.320000	0.456936
651	0.000000	0.556089
652	0.320000	1.012851
653	1.600000	3.431458
654	0.320000	0.934115
655	0.320000	1.456473
656	0.320000	0.865536
657	0.640000	1.323162
658	0.320000	1.211673
659	0.320000	0.828744
660	0.320000	1.806450
661	2.240000	3.050872
662	1.280000	1.802181
663	1.600000	2.441506
664	0.320000	0.431689
665	0.640000	1.229824
666	0.640000	1.255637
667	0.960000	1.557206
668	0.000000	0.145435
669	0.640000	1.549429
670	2.240000	2.887477
671	0.320000	1.362282
672	0.000000	0.457408
673	0.640000	0.940885
674	0.000000	0.709264
675	0.320000	2.912259
676	0.000000	1.430254
677	0.000000	0.572467
678	0.640000	1.999546
679	0.320000	0.606831
680	0.320000	0.426439
681	0.640000	0.999603
682	2.880000	3.832634
683	0.640000	6.025569
684	0.000000	1.118366
685	0.320000	1.122117
686	2.880000	4.578857
687	1.600000	2.703271
688	0.320000	1.847305
689	2.880000	3.686514
690	0.000000	1.162372
691	0.960000	2.387420
692	3.520000	4.737737
693	0.640000	1.428695
694	2.240000	3.780031
695	3.200000	5.526754
696	0.640000	1.315463
697	1.280000	6.646715
698	0.960000	4.035448
699	5.440000	9.855774
700	3.520000	5.332674
701	1.280000	3.302157
702	2.880000	5.204929
703	2.240000	4.318611
704	2.560000	4.345610
705	11.840000	18.042289
706	5.440000	8.545845
707	1.600000	2.841777
708	10.880000	16.824405
709	3.840000	6.677903
710	1.280000	1.949784
711	0.960000	2.345425
712	0.960000	1.786132
713	5.120000	8.761240
714	0.640000	3.428523
715	0.320000	1.213081
716	0.320000	1.582873
717	0.320000	1.226145
718	0.640000	1.036055
719	0.640000	2.959677
720	11.840000	21.280192
721	0.960000	1.931218
722	9.920000	16.831331
723	0.320000	0.727628
724	0.640000	2.099990
725	0.960000	1.550920
726	0.320000	2.947311
727	2.560000	3.759061
728	1.920000	2.741121
729	0.000000	0.118572
730	1.280000	1.930114
731	12.160000	17.844385
732	0.000000	0.269356
733	0.320000	1.917285
734	1.280000	1.538893
735	0.960000	1.820934
736	0.320000	3.833554
737	8.640000	13.654308
738	5.760000	9.884363
739	0.320000	1.788077
740	7.680000	13.786614
741	1.280000	2.002636
742	0.320000	1.213857
743	0.000000	2.269239
744	0.960000	1.997876
745	0.320000	0.774820
746	4.800000	11.234629
747	1.280000	8.685099
748	1.280000	3.139231
749	6.080000	9.637421
750	7.360000	13.750167
751	0.000000	2.164682
752	0.960000	1.655676
753	3.520000	7.653998
754	0.000000	0.516193
755	4.480000	6.847376
756	3.840000	10.611645
757	7.360000	15.041229
758	8.320000	18.162323
759	8.000000	11.728416
760	6.400000	12.747562
761	0.640000	1.392077
762	6.720000	10.381831
763	8.320000	15.989748
764	8.320000	17.813990
765	4.800000	12.292528
766	8.000000	15.322391
767	0.640000	3.063434
768	0.960000	2.150429
769	8.000000	14.525818
770	6.400000	9.167295
771	2.240000	7.700172
772	1.600000	2.861627
773	5.120000	12.484269
774	0.320000	5.029585
775	8.000000	16.366991
776	5.120000	11.940083
777	1.280000	5.311015
778	3.200000	5.192657
779	4.160000	11.748908
780	7.040000	13.182965
781	2.240000	4.410215
782	9.920000	17.610315
783	8.960000	14.138105
784	2.560000	7.310428
785	0.640000	2.132699
786	1.280000	5.688045
787	0.000000	10.114286
788	0.320000	1.354103
789	1.920000	4.715072
790	0.640000	2.697358
791	3.840000	8.977699
792	1.280000	3.211104
793	2.560000	7.625729
794	0.960000	2.386491
795	1.600000	6.250880
796	1.920000	4.670987
797	2.560000	6.359538
798	3.520000	8.396377
799	0.640000	5.116645
800	1.600000	4.321397
801	1.280000	2.056026
802	0.320000	2.279374
803	3.200000	9.276475
804	5.440000	12.501115
805	1.280000	4.703468
806	4.160000	10.733038
807	1.280000	6.392604
808	2.240000	5.232261
809	4.160000	8.538235
810	1.280000	4.355099
811	6.080000	12.070860
812	0.960000	2.739846
813	1.920000	3.950107
814	9.280000	16.119258
815	1.600000	8.798392
816	1.600000	2.458073
817	8.000000	15.109902
818	0.000000	1.822967
819	0.320000	1.093572
820	2.240000	4.239061
821	2.880000	4.637721
822	1.600000	2.443667
823	7.680000	13.947474
824	0.320000	1.794471
825	3.840000	7.234150
826	2.560000	3.092966
827	0.640000	2.541492
828	2.880000	8.434811
829	1.920000	4.131875
830	1.920000	4.982084
831	7.360000	13.205322
832	0.960000	3.630143
833	4.800000	11.995880
834	7.680000	20.826752
835	2.880000	6.015525
836	4.160000	11.456609
837	0.320000	2.743587
838	0.000000	1.366221
839	1.920000	3.828469
840	0.640000	6.729824
841	0.640000	1.996255
842	2.880000	7.096079
843	0.960000	1.309668
844	1.920000	4.785442
845	0.320000	1.671524
846	0.640000	9.573715
847	1.600000	3.498392
848	0.960000	8.830802
849	0.320000	2.930638
850	0.960000	5.648953
851	3.840000	8.863051
852	1.280000	5.256789
853	0.640000	11.917881
854	4.480000	11.850029
855	0.960000	7.143064
856	0.000000	7.384413
857	0.320000	5.491973
858	1.280000	7.602635
859	0.000000	5.647621
860	0.960000	2.337145
861	3.200000	9.713366
862	1.920000	6.784014
863	0.320000	3.526590
864	2.880000	10.873364
865	5.760000	9.830861
866	1.920000	3.590665
867	0.640000	0.950108
868	0.000000	1.996967
869	0.960000	4.921149
870	2.240000	3.723444
871	0.320000	2.499785
872	0.640000	0.795966
873	0.320000	0.607109
874	1.920000	2.555064
875	0.320000	1.364602
876	0.320000	1.104701
877	0.000000	0.592110
878	0.640000	1.678160
879	0.000000	0.323392
880	2.240000	4.795482
881	0.320000	1.467460
882	4.800000	6.510703
883	1.280000	2.461526
884	2.560000	4.923625
885	1.600000	3.081502
886	2.560000	4.169808
887	0.000000	3.330462
888	1.920000	2.732280
889	1.600000	2.676639
890	1.600000	4.710187
891	1.600000	3.740389
892	2.880000	3.981276
893	0.000000	0.973409
894	2.880000	4.410655
895	0.320000	0.751925
896	0.320000	1.480523
897	2.560000	3.810847
898	0.640000	3.304606
899	1.920000	4.725236
900	1.920000	5.283443
901	0.640000	0.990090
902	0.320000	1.874384
903	2.560000	4.198386
904	0.000000	0.611117
905	1.920000	3.833798
906	1.920000	3.307571
907	1.600000	2.453859
908	3.840000	9.423595
909	0.960000	3.239847
910	7.360000	11.775802
911	2.560000	2.864368
912	1.280000	9.019370
913	1.280000	2.114701
914	0.320000	0.612130
915	7.360000	12.760994
916	1.280000	5.086132
917	4.800000	8.303798
918	1.600000	4.197831
919	3.840000	6.515867
920	0.960000	2.190253
921	0.000000	1.113817
922	1.280000	3.089560
923	3.840000	7.527184
924	6.080000	10.256497
925	1.600000	7.101923
926	0.000000	0.144618
927	0.000000	2.450015
928	4.480000	8.771577
929	0.000000	8.108371
930	0.960000	10.007684
931	0.320000	1.119369
932	2.240000	3.912041
933	4.480000	8.359254
934	0.000000	1.072905
935	3.520000	10.824345
936	4.800000	8.828445
937	1.280000	2.715825
938	3.200000	6.144562
939	0.320000	1.014134
940	0.640000	1.692898
941	3.200000	9.969792
942	0.960000	9.549510
943	2.880000	8.589895
944	2.880000	5.812154
945	7.360000	14.914073
946	1.280000	2.273711
947	3.200000	6.602234
948	3.840000	11.993057
949	0.960000	3.772383
950	1.280000	2.645097
951	4.160000	8.298418
952	0.000000	1.697233
953	2.560000	5.398329
954	0.320000	0.907503
955	0.320000	0.884734
956	0.640000	3.028526
957	0.320000	1.721802
958	0.640000	1.820775
959	2.880000	5.636096
960	0.960000	9.165282
961	0.000000	1.345139
962	1.920000	5.575286
963	2.240000	5.643569
964	2.240000	4.089666
965	2.560000	5.744857
966	7.040000	10.875978
967	4.480000	8.310628
968	4.480000	8.112734
969	7.040000	13.948401
970	3.840000	7.128776
971	1.920000	7.636425
972	0.000000	6.163675
973	4.480000	8.446283
974	0.640000	0.982281
975	4.480000	7.971943
976	4.480000	9.366226
977	1.600000	3.162486
978	2.560000	4.642907
979	0.640000	3.070608
980	0.000000	0.398887
981	5.120000	8.912661
982	0.320000	0.517585
983	0.960000	2.236273
984	1.280000	5.237765
985	1.920000	4.056420
986	0.320000	0.449999
987	0.960000	7.421005
988	1.920000	3.600096
989	0.640000	1.414954
990	1.600000	3.585184
991	2.880000	11.603486
992	2.240000	2.701975
993	0.640000	1.604527
994	3.200000	6.552810
995	4.480000	7.668192
996	6.080000	13.699433
997	2.240000	4.974494
998	0.000000	1.781125
999	1.920000	4.478583
1000	2.880000	4.273382
1001	3.840000	9.997643
1002	3.200000	6.813221
1003	1.280000	2.418325
1004	4.160000	11.060702
1005	3.200000	9.244216
1006	1.920000	2.366443
1007	0.320000	2.286621
1008	5.120000	11.301420
1009	5.440000	11.492534
1010	2.880000	6.423505
1011	3.520000	7.996171
1012	6.400000	12.087747
1013	0.960000	1.417502
1014	1.280000	3.109651
1015	2.880000	5.154890
1016	2.880000	8.582829
1017	2.560000	7.147952
1018	3.520000	8.507136
1019	2.560000	7.443871
1020	4.160000	9.201417
1021	3.520000	4.100841
1022	2.880000	6.958387
1023	0.640000	2.707922
1024	1.600000	2.945350
1025	2.240000	3.811241
1026	0.960000	10.142772
1027	6.720000	15.203837
1028	2.880000	3.301800
1029	4.160000	5.533392
1030	8.960000	16.551526
1031	2.240000	3.918935
1032	2.560000	5.400505
1033	4.160000	10.311500
1034	3.200000	7.327559
1035	0.320000	1.588468
1036	5.120000	9.948412
1037	7.360000	13.434351
1038	6.080000	11.503252
1039	3.520000	13.937758
1040	3.200000	4.529928
1041	2.240000	5.947181
1042	1.600000	7.068305
1043	5.120000	11.388442
1044	2.880000	4.462681
1045	2.560000	3.935688
1046	5.440000	6.447363
1047	0.320000	4.008049
1048	3.520000	9.204675
1049	0.640000	1.462977
1050	0.960000	3.403261
1051	2.560000	9.592211
1052	0.320000	2.029111
1053	4.160000	8.793642
1054	1.280000	2.068116
1055	3.840000	7.176363
1056	2.560000	7.590611
1057	0.640000	2.314854
1058	2.560000	2.899206
1059	3.200000	3.914547
1060	0.640000	1.500153
