No.	Z Error(mm)	3D Error
1	0.320000	0.643855
2	0.320000	3.247050
3	0.640000	0.834223
4	0.320000	1.275762
5	0.000000	2.206515
6	0.320000	0.714247
7	0.320000	1.090821
8	0.000000	1.270450
9	0.000000	1.437784
10	0.320000	0.680793
11	0.000000	0.363932
12	1.280000	2.189395
13	0.320000	0.771849
14	0.640000	2.571430
15	0.640000	2.220618
16	0.640000	3.098815
17	1.280000	2.662280
18	0.640000	1.477624
19	1.280000	2.403570
20	0.000000	0.592249
21	0.320000	0.657420
22	1.280000	2.439921
23	0.000000	3.351403
24	2.880000	7.493890
25	1.920000	4.019100
26	10.880000	18.943690
27	0.640000	1.000607
28	0.640000	1.302725
29	1.600000	2.459467
30	0.000000	3.374181
31	1.600000	2.991299
32	0.960000	1.932253
33	0.000000	1.616846
34	1.600000	2.825172
35	0.640000	0.861267
36	0.000000	1.395670
37	0.000000	0.553060
38	0.640000	1.009131
39	0.000000	0.444232
40	0.000000	0.379133
41	0.960000	1.245143
42	0.000000	1.107267
43	1.600000	6.231973
44	9.920000	12.448362
45	10.240000	12.884937
46	0.000000	0.672741
47	0.320000	0.756907
48	1.920000	3.401028
49	0.320000	1.474492
50	1.920000	2.995470
51	0.000000	0.308865
52	0.640000	3.097824
53	0.640000	1.720932
54	0.640000	1.372156
55	0.000000	2.461418
56	1.280000	1.411209
57	0.000000	0.463002
58	0.640000	1.101477
59	0.960000	2.424072
60	0.320000	1.417354
61	1.920000	2.581100
62	0.640000	1.157264
63	0.960000	1.342204
64	0.640000	0.766040
65	2.240000	3.462357
66	3.520000	5.918084
67	1.600000	2.162702
68	1.600000	2.556389
69	1.920000	3.086745
70	0.000000	2.247845
71	0.960000	2.199403
72	0.960000	2.821291
73	0.320000	0.498771
74	0.000000	0.972974
75	0.320000	1.390451
76	0.640000	3.825234
77	0.320000	0.863142
78	0.640000	1.335493
79	5.440000	9.476188
80	0.640000	1.324502
81	6.080000	9.000833
82	0.320000	1.033653
83	1.600000	2.024495
84	1.600000	1.919584
85	2.560000	3.772259
86	0.640000	3.606587
87	0.000000	1.098780
88	1.280000	1.741599
89	1.280000	1.959607
90	2.880000	3.679742
91	0.000000	0.410538
92	0.000000	2.003422
93	0.320000	0.578390
94	0.960000	1.616333
95	1.600000	2.266077
96	1.920000	2.595269
97	1.920000	3.313735
98	0.960000	2.448902
99	0.320000	0.735091
100	1.280000	1.733898
101	3.520000	4.506055
102	0.960000	3.507256
103	0.960000	2.447175
104	1.280000	3.115019
105	0.000000	1.916684
106	1.280000	1.817450
107	0.320000	1.989592
108	0.640000	0.991507
109	0.640000	1.076287
110	3.520000	4.949536
111	5.440000	8.979976
112	8.960000	18.665084
113	0.320000	1.254170
114	0.640000	2.080128
115	0.960000	1.995214
116	1.600000	2.946475
117	0.640000	3.415662
118	0.640000	0.945680
119	27.200000	41.726891
120	5.760000	15.854805
121	3.520000	5.979606
122	0.000000	1.440325
123	1.920000	3.330111
124	0.960000	2.182001
125	0.320000	0.390733
126	0.000000	0.961875
127	0.640000	1.153552
128	1.600000	3.738522
129	0.000000	0.361696
130	1.600000	2.047714
131	0.320000	0.925323
132	4.480000	5.541843
133	5.440000	7.891536
134	2.560000	4.601015
135	0.000000	0.758918
136	1.920000	2.747924
137	3.840000	6.148984
138	0.960000	4.060542
139	0.320000	2.026842
140	0.640000	1.658318
141	2.880000	4.314268
142	0.320000	0.466365
143	0.000000	0.187683
144	0.320000	0.573139
145	0.640000	2.478672
146	0.320000	0.812715
147	1.920000	2.865304
148	0.000000	0.399398
149	0.000000	0.379572
150	1.920000	2.846495
151	0.000000	0.288438
152	0.320000	0.611444
153	1.280000	2.571404
154	0.640000	0.862719
155	2.880000	6.698051
156	9.280000	19.437821
157	1.280000	2.538454
158	1.280000	3.296309
159	0.640000	1.281751
160	1.280000	2.942556
161	0.960000	1.921167
162	0.320000	1.815523
163	0.640000	2.039030
164	0.320000	1.633705
165	0.000000	3.410111
166	0.320000	0.528631
167	0.320000	0.941674
168	0.640000	2.356670
169	0.320000	1.560333
170	0.000000	0.727432
171	0.000000	0.728549
172	0.000000	1.725325
173	0.320000	1.349492
174	0.640000	0.898573
175	0.320000	0.711525
176	0.320000	1.060889
177	1.920000	6.477113
178	0.000000	0.571289
179	0.960000	1.128411
180	0.640000	0.829911
181	0.320000	1.829141
182	0.640000	1.474809
183	0.960000	2.040678
184	0.960000	2.186949
185	0.320000	3.610661
186	0.320000	0.751884
187	0.000000	0.738677
188	0.320000	0.872854
189	0.000000	0.849734
190	0.320000	2.058474
191	1.920000	3.699534
192	0.320000	1.180275
193	1.280000	2.713333
194	0.000000	0.969947
195	0.320000	1.990958
196	0.000000	0.806545
197	0.320000	0.789047
198	0.640000	1.813644
199	0.000000	0.291035
200	8.000000	14.191248
201	0.000000	0.096704
202	0.000000	0.613036
203	0.000000	0.214235
204	0.960000	2.097158
205	0.000000	1.333497
206	0.640000	2.512789
207	0.640000	1.547508
208	0.320000	0.791744
209	0.000000	0.175449
210	0.640000	1.695994
211	0.960000	2.074838
212	1.280000	2.086107
213	1.280000	2.219149
214	0.640000	1.786423
215	0.640000	1.354745
216	0.000000	0.680208
217	0.960000	2.310639
218	0.640000	1.075788
219	0.000000	0.639651
220	0.640000	1.033995
221	0.320000	1.900267
222	0.320000	0.809531
223	0.320000	0.598353
224	0.640000	0.813290
225	0.640000	1.120378
226	1.280000	1.561249
227	1.600000	2.794516
228	2.240000	3.310719
229	0.960000	1.673101
230	1.920000	2.869575
231	0.640000	0.925064
232	0.640000	1.816225
233	0.320000	1.106049
234	0.960000	2.380867
235	0.000000	0.528256
236	0.320000	0.753320
237	0.960000	2.542993
238	0.000000	0.529870
239	0.960000	1.891912
240	0.320000	1.006026
241	0.320000	1.165023
242	0.640000	0.993872
243	0.000000	0.373065
244	0.640000	1.289569
245	0.640000	1.378011
246	0.320000	0.965896
247	0.000000	1.728907
248	0.320000	1.243704
249	0.640000	1.482443
250	1.920000	2.759464
251	1.280000	1.846106
252	0.320000	0.602772
253	0.320000	0.795989
254	0.640000	1.545506
255	1.280000	2.237075
256	0.960000	1.897180
257	0.320000	1.471181
258	1.280000	2.639955
259	0.000000	0.117373
260	0.640000	1.213525
261	0.640000	1.103018
262	0.960000	1.628155
263	0.000000	0.072411
264	0.640000	1.098613
265	0.000000	0.394696
266	0.320000	0.613884
267	0.640000	1.173027
268	0.640000	1.308131
269	0.320000	0.825667
270	0.640000	0.942459
271	0.960000	1.534816
272	0.960000	1.422825
273	0.000000	0.232695
274	0.000000	0.880097
275	0.640000	1.654035
276	0.640000	0.930776
277	0.640000	0.914193
278	0.960000	1.780440
279	0.320000	2.117558
280	0.320000	1.446475
281	1.600000	2.459991
282	0.960000	1.626551
283	0.640000	1.704505
284	0.000000	1.127983
285	0.960000	2.236747
286	0.320000	0.599509
287	0.000000	0.729154
288	0.000000	0.189057
289	1.600000	3.855287
290	1.600000	3.430936
291	0.320000	1.122483
292	7.360000	10.160924
293	1.280000	1.894608
294	0.000000	1.132077
295	0.320000	1.424828
296	0.320000	0.740460
297	0.960000	1.874715
298	0.960000	1.925857
299	0.320000	2.183467
300	0.000000	1.746032
301	1.920000	6.329638
302	0.320000	18.890864
303	0.640000	1.261481
304	1.280000	2.203968
305	0.320000	2.204992
306	0.960000	3.352587
307	0.000000	17.197039
308	0.640000	17.820699
309	0.320000	3.771244
310	1.280000	2.148910
311	0.960000	3.558730
312	2.240000	5.259144
313	3.840000	6.728981
314	0.960000	2.760850
315	0.000000	4.468854
316	1.280000	5.434422
317	1.600000	5.377046
318	0.640000	2.964274
319	0.960000	5.297376
320	0.320000	6.108765
321	4.160000	8.339978
322	2.880000	15.248539
323	0.960000	1.720940
324	0.960000	2.288553
325	0.000000	0.332588
326	1.600000	2.634990
327	0.640000	2.649544
328	1.920000	2.660939
329	1.600000	2.738913
330	0.640000	2.730519
331	0.640000	1.501072
332	0.000000	1.289043
333	0.000000	1.186026
334	0.640000	2.141409
335	1.280000	3.217669
336	0.320000	0.458266
337	0.320000	2.293219
338	0.000000	0.101445
339	0.320000	1.305065
340	0.640000	1.749544
341	0.320000	1.822258
342	0.960000	2.664006
343	0.320000	0.531044
344	0.320000	2.214331
345	1.280000	2.756054
346	0.320000	1.021204
347	0.320000	2.319722
348	0.320000	2.396457
349	0.000000	1.993977
350	0.960000	1.465803
351	0.640000	1.299168
352	0.320000	2.692042
353	1.920000	4.655571
354	0.640000	1.565990
355	0.000000	2.281663
356	0.960000	1.927361
357	3.200000	9.142184
358	0.320000	1.233555
359	0.320000	1.521588
360	3.520000	4.619216
361	0.640000	1.012880
362	0.000000	0.795790
363	0.320000	0.683405
364	0.640000	1.148948
365	2.240000	3.692562
366	0.960000	2.427776
367	1.280000	2.581718
368	0.320000	0.723664
369	0.000000	1.181819
370	0.960000	1.452221
371	1.600000	2.473448
372	1.280000	1.931689
373	0.320000	1.304360
374	1.280000	2.420131
375	1.920000	2.648852
376	0.320000	1.424748
377	0.640000	1.796768
378	1.280000	1.790096
379	1.920000	2.993964
380	1.600000	2.565852
381	0.000000	1.366100
382	0.320000	0.922513
383	0.640000	0.939330
384	1.280000	2.004743
385	0.000000	0.214662
386	0.640000	2.339642
387	0.000000	1.047586
388	0.640000	1.571491
389	1.280000	1.671983
390	0.640000	1.814812
391	0.960000	1.853343
392	1.600000	2.382090
393	0.640000	2.086834
394	0.320000	0.959119
395	0.960000	1.750224
396	0.320000	1.675417
397	0.640000	0.886046
398	0.960000	2.461453
399	0.320000	0.831393
400	0.640000	1.356469
401	0.640000	1.146596
402	0.640000	1.251866
403	0.000000	0.883288
404	0.000000	0.339062
405	0.320000	0.450845
406	2.880000	4.428961
407	0.320000	0.454661
408	0.000000	0.563239
409	0.320000	1.662283
410	0.000000	1.037672
411	0.640000	0.856042
412	2.560000	3.559939
413	0.000000	1.058266
414	0.320000	0.831589
415	0.640000	1.342345
416	0.640000	1.228724
417	0.320000	0.726471
418	0.640000	1.492473
419	1.600000	2.709902
420	1.600000	2.771882
421	0.640000	2.300788
422	1.280000	2.329494
423	0.000000	1.334780
424	0.320000	0.839116
425	0.320000	0.402450
426	0.640000	1.509998
427	1.600000	2.544783
428	0.640000	2.942639
429	2.880000	4.996254
430	2.560000	4.103103
431	0.320000	0.972491
432	0.960000	2.280875
433	0.000000	0.880437
434	0.320000	1.126893
435	0.320000	0.382182
436	0.000000	1.277068
437	0.320000	0.644493
438	0.320000	0.670045
439	0.000000	0.245565
440	0.960000	1.307235
441	0.000000	0.509983
442	0.320000	0.809531
443	0.960000	1.630787
444	0.320000	0.834559
445	0.640000	1.712515
446	0.320000	0.684154
447	0.640000	1.241781
448	0.320000	0.918278
449	0.320000	0.550102
450	0.320000	1.280982
451	0.640000	1.334137
452	0.320000	0.980780
453	1.280000	2.408169
454	0.000000	1.306436
455	0.000000	0.447551
456	0.320000	0.655154
457	0.960000	1.975906
458	0.640000	1.200182
459	0.320000	1.503369
460	0.320000	0.933767
461	0.640000	1.881809
462	0.320000	1.910219
463	0.640000	1.814062
464	0.320000	1.313182
465	0.320000	1.144175
466	0.320000	0.565222
467	0.000000	0.353001
468	0.640000	1.592217
469	0.960000	2.095847
470	0.640000	1.858731
471	0.320000	1.309624
472	0.320000	0.514389
473	0.640000	2.019432
474	0.320000	0.978012
475	0.320000	1.323014
476	0.640000	1.542746
477	0.000000	1.353328
478	0.320000	1.132231
479	0.320000	1.079316
480	0.000000	0.801989
481	0.000000	1.698686
482	0.320000	1.245257
483	0.000000	2.615376
484	0.640000	1.136192
485	0.000000	0.573968
486	0.320000	0.490522
487	0.000000	0.303127
488	0.320000	0.526674
489	0.000000	0.979638
490	0.640000	1.285288
491	0.320000	0.991832
492	0.640000	0.876847
493	0.000000	0.365873
494	0.640000	9.727395
495	3.520000	6.607622
496	0.960000	3.802851
497	0.960000	2.324856
498	1.280000	2.698929
499	1.280000	1.808860
500	0.960000	1.349912
501	0.640000	0.811175
502	0.000000	0.968554
503	2.240000	2.636693
504	2.560000	3.159652
505	0.640000	1.555060
506	0.960000	4.535095
507	4.480000	8.069649
508	0.320000	0.690634
509	0.320000	0.591873
510	0.320000	0.669512
511	0.960000	2.231427
512	0.320000	0.815388
513	0.000000	0.399398
514	1.280000	3.263714
515	0.320000	0.801543
516	0.640000	1.338126
517	3.200000	4.695545
518	1.600000	2.241815
519	0.960000	1.318708
520	0.640000	1.269105
521	0.320000	1.270653
522	0.000000	0.451432
523	0.000000	0.700837
524	0.640000	1.323031
525	2.240000	2.972040
526	3.200000	6.570403
527	0.320000	1.524326
528	0.320000	1.075354
529	1.280000	2.216419
530	0.320000	0.864272
531	0.000000	0.804479
532	3.840000	5.395036
533	0.320000	1.707380
534	0.000000	2.244413
535	1.600000	5.496586
536	1.280000	4.560948
537	0.320000	1.239236
538	0.000000	0.070920
539	0.960000	5.509254
540	0.000000	1.953331
541	0.640000	1.469683
542	0.640000	1.795090
543	0.000000	0.485340
544	0.000000	0.334889
545	0.640000	0.910420
546	0.640000	1.042208
547	0.320000	0.827157
548	1.280000	1.963350
549	0.320000	0.621243
550	1.280000	1.939208
551	0.640000	3.645903
552	9.600000	17.705013
553	0.960000	1.528734
554	0.320000	3.252284
555	0.320000	3.355501
556	0.320000	0.584558
557	0.320000	1.761076
558	0.320000	1.989826
559	0.000000	0.707205
560	1.280000	2.726488
561	0.960000	1.682869
562	0.000000	0.489918
563	0.640000	1.603039
564	0.320000	1.110705
565	2.240000	2.730370
566	0.320000	0.724286
567	0.640000	1.258482
568	0.320000	0.841154
569	0.320000	2.590832
570	0.000000	1.690707
571	1.280000	3.174701
572	0.000000	0.547882
573	0.320000	0.438999
574	0.000000	2.046733
575	0.960000	1.127646
576	0.640000	1.581776
577	0.960000	2.809661
578	3.200000	5.289362
579	1.280000	2.129927
580	0.320000	1.445654
581	0.320000	1.066227
582	0.640000	1.887453
583	0.960000	1.370409
584	0.000000	0.892064
585	0.640000	1.506513
586	0.640000	1.430102
587	1.280000	3.547147
588	0.640000	1.213777
589	0.320000	1.232269
590	0.640000	2.796658
591	0.320000	1.533420
592	0.320000	1.387583
593	1.280000	2.258781
594	0.320000	1.372951
595	1.600000	3.399626
596	1.280000	3.883360
597	0.000000	0.849721
598	0.000000	0.127139
599	0.000000	1.406760
600	0.320000	1.889925
601	0.000000	1.282348
602	2.880000	3.344400
603	0.960000	1.739746
604	0.000000	4.478930
605	0.320000	1.797241
606	0.320000	3.798156
607	0.000000	3.023898
608	0.640000	1.070162
609	0.960000	2.220973
610	0.640000	0.888698
611	0.640000	2.396588
612	0.000000	0.952696
613	0.960000	2.820797
614	1.280000	3.607997
615	0.640000	3.883008
616	0.000000	1.347089
617	0.640000	0.955607
618	0.320000	0.656922
619	0.640000	1.991992
620	0.960000	2.587807
621	0.320000	1.962299
622	0.320000	0.797670
623	1.920000	3.208575
624	0.000000	0.707356
625	0.960000	2.021156
626	0.320000	1.294391
627	0.320000	1.717236
628	0.320000	0.471522
629	0.000000	1.397870
630	0.640000	1.448906
631	0.960000	3.412282
632	0.640000	1.642586
633	0.960000	1.987198
634	0.320000	1.756949
635	0.640000	1.287081
636	0.000000	1.371220
637	0.000000	1.139190
638	0.640000	1.513139
639	0.640000	1.865491
640	0.320000	1.147598
641	1.600000	2.500383
642	1.920000	2.918537
643	0.640000	1.127034
644	0.960000	1.392753
645	0.960000	1.623621
646	0.320000	1.629226
647	0.960000	2.533711
648	0.000000	1.491169
649	2.880000	4.560797
650	3.200000	4.582252
651	2.560000	3.498144
652	1.920000	2.546216
653	0.000000	1.229224
654	0.960000	1.839487
655	0.000000	0.402735
656	1.280000	2.801338
657	1.600000	2.803372
658	0.320000	1.786414
659	0.640000	1.460266
660	1.600000	2.535512
661	1.280000	2.783694
662	2.880000	3.912633
663	0.960000	2.767512
664	0.640000	1.439687
665	0.000000	1.920639
666	1.920000	2.862270
667	2.240000	3.271492
668	0.320000	2.462688
669	1.280000	3.179597
670	2.240000	3.364539
671	1.280000	1.928678
672	0.000000	1.355060
673	0.320000	0.727819
674	0.000000	0.256726
675	3.840000	4.628796
676	0.000000	0.549753
677	0.320000	0.555883
678	0.000000	2.401144
679	0.960000	2.110290
680	0.640000	1.796768
681	2.240000	3.402739
682	1.600000	3.925960
683	0.640000	3.704575
684	1.280000	1.766478
685	1.600000	2.631428
686	1.600000	2.660548
687	0.960000	2.897607
688	0.320000	0.988318
689	0.960000	2.245049
690	1.280000	2.207897
691	0.960000	2.299134
692	0.320000	0.894269
693	1.600000	2.644480
694	1.600000	2.881072
695	0.320000	0.739602
696	0.640000	1.788247
697	1.600000	2.858216
698	0.320000	2.134756
699	0.640000	1.488162
700	0.320000	0.709953
701	0.960000	1.426881
702	0.640000	0.807674
703	2.560000	3.564985
704	0.960000	1.336267
705	0.000000	0.693991
706	0.960000	1.299734
707	0.640000	1.205604
708	0.320000	0.581253
709	0.320000	1.244162
710	0.320000	0.403827
711	0.320000	0.458262
712	0.320000	0.837237
713	1.600000	1.920774
714	0.960000	2.631307
715	0.000000	0.627716
716	0.640000	0.816998
717	0.320000	0.908060
718	0.320000	1.819940
719	0.000000	0.252990
720	0.960000	1.430525
721	1.280000	2.370895
722	0.640000	1.743411
723	0.320000	0.788319
724	1.600000	1.855428
725	1.600000	1.820856
726	1.280000	2.576859
727	0.320000	0.624266
728	0.320000	1.750511
729	0.000000	1.990325
730	0.320000	0.595363
731	0.320000	0.993094
732	0.000000	0.849575
733	0.320000	0.760257
734	1.600000	2.322148
735	0.320000	0.821407
736	1.280000	2.482782
737	1.920000	2.136522
738	0.960000	1.194994
739	0.000000	0.619742
740	0.960000	1.115617
741	0.960000	1.672993
742	1.600000	2.122476
743	0.960000	1.799487
744	0.320000	1.585144
745	0.640000	2.268587
746	0.320000	1.349509
747	2.560000	2.709653
748	1.920000	2.409796
749	0.320000	0.971828
750	2.880000	5.329790
751	1.280000	2.605460
752	0.000000	0.552715
753	0.320000	1.136516
754	0.640000	1.154139
755	0.000000	2.597257
756	13.120000	19.786698
757	0.320000	0.758945
758	0.640000	1.780976
759	35.200000	41.856352
760	0.640000	1.396103
761	0.640000	1.494712
762	2.880000	3.919436
763	0.320000	2.356487
764	0.960000	3.718502
765	0.320000	1.815146
766	0.640000	2.372090
767	0.960000	1.576667
768	0.640000	1.418029
769	0.640000	1.472520
770	0.640000	2.065324
771	0.640000	3.173811
772	0.640000	1.234955
773	1.280000	2.239772
774	0.320000	0.908979
775	0.640000	1.133531
776	0.320000	0.853265
777	0.960000	2.614860
778	0.000000	1.337879
779	0.320000	3.953851
780	1.280000	2.271705
781	0.640000	2.509704
782	0.320000	2.147309
783	0.000000	2.179103
784	0.000000	1.989784
785	0.960000	2.430142
786	0.000000	0.643341
787	0.000000	1.222529
788	0.000000	0.761134
789	0.320000	1.519581
790	0.320000	1.091329
791	0.640000	2.049602
792	0.000000	4.039485
793	0.000000	1.193192
794	0.320000	3.065506
795	0.640000	1.292062
796	1.280000	2.044085
797	0.640000	3.839241
798	1.280000	2.391754
799	0.960000	1.997482
800	0.320000	2.530741
801	0.000000	1.243016
802	0.960000	1.619590
803	1.600000	3.377968
804	7.040000	16.334911
805	0.320000	2.087838
806	0.320000	1.014330
807	0.960000	1.596416
808	0.320000	2.418186
809	0.320000	1.807445
810	0.640000	2.124726
811	0.640000	3.406277
812	0.960000	2.472065
813	2.240000	3.880005
814	0.320000	1.949847
815	0.320000	2.313379
816	0.960000	3.899639
817	8.000000	11.731649
818	0.640000	1.601508
819	0.640000	2.263971
820	0.960000	2.014655
821	3.200000	5.053815
822	1.280000	5.222982
823	0.640000	2.694646
824	0.960000	3.513791
825	0.960000	1.966620
826	3.520000	6.934855
827	0.320000	1.077689
828	2.240000	6.871703
829	1.280000	3.603069
830	1.280000	3.439383
831	0.960000	4.487548
832	0.960000	2.915349
833	3.200000	6.039471
834	2.560000	5.430025
835	0.320000	1.807415
836	2.880000	6.445721
837	0.960000	2.692045
838	0.320000	1.340876
839	0.960000	2.059235
840	0.000000	1.020925
841	0.640000	1.834232
842	0.320000	0.570025
843	1.600000	1.922679
844	1.600000	2.171971
845	2.240000	3.364090
846	1.280000	1.656574
847	3.840000	6.136600
848	0.000000	1.469440
849	0.640000	2.723991
850	1.600000	2.413758
851	1.280000	2.722055
852	0.640000	1.045956
853	0.000000	2.779489
854	0.640000	2.215866
855	0.320000	0.588029
856	0.320000	1.203073
857	0.000000	0.653675
858	0.640000	1.149114
859	0.320000	2.408482
860	0.320000	1.934085
861	0.320000	0.908035
862	2.240000	2.899878
863	0.640000	1.872904
864	0.320000	0.590707
865	0.640000	1.466248
866	0.960000	1.417884
867	0.320000	0.879358
868	0.320000	1.714634
869	0.000000	1.999662
870	0.320000	2.682742
871	0.000000	0.055210
872	0.960000	2.125438
873	0.960000	1.504925
874	0.640000	1.060931
875	0.320000	1.652961
876	0.960000	1.240357
877	0.640000	1.375991
878	0.960000	1.877420
879	3.200000	3.611776
880	0.640000	1.054090
881	0.960000	2.258125
882	1.600000	2.238683
883	0.640000	1.140110
884	1.600000	3.533310
885	0.640000	0.856407
886	1.280000	1.844778
887	1.600000	3.345567
888	1.280000	2.130957
889	0.320000	0.826156
890	0.960000	1.820754
891	0.640000	2.096192
892	0.000000	0.049649
893	0.000000	0.453050
894	0.320000	0.787115
895	2.240000	2.614816
896	0.640000	1.616472
897	2.880000	4.030077
898	0.320000	0.405298
899	0.640000	1.824346
900	1.280000	3.064096
901	1.280000	1.714011
902	0.000000	0.905965
903	0.320000	1.463100
904	0.960000	1.544874
905	0.000000	1.897731
906	1.920000	3.438331
907	0.320000	1.100319
908	3.520000	7.850458
909	0.960000	2.349374
910	0.960000	1.831647
911	0.640000	0.760356
912	0.960000	2.159855
913	0.000000	0.079928
914	0.320000	0.464936
915	0.000000	0.463816
916	0.000000	1.574622
917	1.280000	2.060112
918	0.640000	1.850421
919	0.640000	1.313672
920	0.640000	1.488064
921	0.000000	0.655518
922	0.640000	1.824590
923	0.320000	1.024755
924	0.960000	1.676709
925	1.600000	7.101923
926	0.640000	0.760695
927	0.640000	2.622775
928	0.960000	1.665642
929	0.320000	2.965840
930	0.320000	0.971461
931	0.640000	1.152995
932	0.320000	0.684507
933	0.960000	1.328928
934	1.920000	2.682120
935	0.960000	2.269068
936	1.280000	1.667903
937	0.320000	1.597985
938	2.240000	2.748904
939	0.960000	1.109590
940	0.320000	0.471949
941	2.560000	9.129456
942	0.960000	2.187033
943	0.640000	0.877139
944	0.640000	1.094139
945	0.640000	1.907671
946	0.640000	1.080670
947	0.320000	1.093101
948	0.320000	2.418295
949	0.000000	1.648919
950	0.320000	1.010420
951	0.000000	0.126952
952	0.320000	1.186817
953	0.000000	0.123026
954	0.000000	0.497099
955	1.280000	2.179771
956	0.320000	0.795458
957	0.000000	0.824045
958	0.000000	0.550925
959	1.600000	3.037370
960	0.320000	0.719220
961	0.000000	0.514353
962	0.320000	1.006754
963	0.960000	1.611767
964	0.320000	1.456778
965	0.320000	0.705599
966	0.640000	0.910143
967	0.320000	0.875668
968	0.320000	0.486069
969	0.640000	1.827771
970	1.600000	2.658108
971	0.960000	3.055755
972	0.320000	6.669608
973	0.320000	0.822123
974	0.960000	1.515623
975	0.960000	1.743628
976	0.000000	0.289419
977	0.320000	0.659133
978	1.280000	2.248936
979	0.320000	0.437394
980	0.320000	1.450942
981	0.320000	0.522044
982	0.640000	1.359821
983	0.320000	0.938067
984	0.640000	2.888709
985	0.320000	1.680450
986	0.320000	0.819046
987	0.320000	0.705215
988	0.320000	0.687053
989	0.320000	1.582144
990	0.320000	0.484715
991	0.320000	2.034097
992	1.920000	3.227917
993	0.960000	1.369255
994	1.280000	1.973123
995	2.240000	3.248229
996	0.320000	0.515120
997	0.640000	1.002456
998	0.320000	2.330546
999	0.960000	2.344713
1000	1.600000	2.167657
1001	0.640000	1.386834
1002	1.280000	1.557531
1003	0.000000	0.794084
1004	0.640000	1.095161
1005	1.280000	1.780774
1006	1.280000	1.586221
1007	1.600000	3.043139
1008	1.920000	3.151335
1009	1.920000	3.603694
1010	0.640000	0.966985
1011	0.640000	0.898801
1012	1.600000	2.423947
1013	1.920000	2.665011
1014	0.640000	1.200858
1015	1.280000	2.164909
1016	0.320000	1.079225
1017	1.280000	2.268429
1018	0.320000	1.823368
1019	0.320000	0.534024
1020	0.320000	2.463137
1021	0.320000	1.300708
1022	0.960000	1.991907
1023	0.320000	0.793767
1024	1.600000	2.245838
1025	0.640000	1.117544
1026	0.000000	0.226114
1027	0.320000	0.825086
1028	0.640000	0.852255
1029	1.600000	2.312682
1030	0.640000	0.834413
1031	0.960000	1.630133
1032	0.640000	1.159240
1033	0.320000	0.732034
1034	0.320000	0.376961
1035	0.320000	0.794459
1036	0.320000	1.308309
1037	0.000000	0.088169
1038	0.960000	1.661396
1039	0.320000	0.833017
1040	0.640000	0.952229
1041	1.600000	3.020063
1042	0.320000	0.613142
1043	0.640000	1.112739
1044	0.000000	0.462232
1045	1.600000	2.520447
1046	4.480000	6.141781
1047	0.000000	0.483244
1048	0.960000	1.765028
1049	0.640000	1.462977
1050	0.320000	0.687053
1051	0.640000	0.898857
1052	0.960000	1.509732
1053	0.640000	0.881849
1054	0.640000	1.316521
1055	0.320000	0.661368
1056	1.280000	2.058356
1057	0.000000	1.914569
1058	2.560000	3.028804
1059	0.320000	1.387583
1060	1.280000	1.923179
