No.	Z Error(mm)	3D Error
1	0.960000	1.346017
2	0.640000	1.288376
3	3.200000	5.479885
4	7.360000	14.116891
5	1.280000	2.834738
6	2.880000	5.162806
7	0.960000	2.269765
8	0.000000	0.136991
9	0.000000	0.603853
10	0.000000	1.123291
11	1.920000	3.120823
12	2.560000	3.866708
13	3.840000	7.944588
14	4.480000	8.525973
15	1.920000	3.618445
16	0.320000	1.513468
17	0.320000	1.139681
18	1.920000	2.830977
19	2.880000	6.387806
20	1.280000	1.861962
21	2.880000	5.195879
22	0.960000	2.046009
23	3.840000	8.891574
24	1.600000	4.892054
25	0.640000	1.054649
26	1.600000	10.406195
27	4.480000	7.197145
28	3.840000	6.686067
29	6.400000	7.758127
30	6.080000	9.932009
31	0.000000	0.871296
32	6.400000	12.404763
33	0.640000	1.511028
34	0.320000	0.915349
35	4.160000	6.846250
36	2.240000	4.509178
37	9.280000	14.529716
38	0.320000	0.728983
39	8.320000	12.933378
40	0.320000	1.004741
41	3.200000	5.679577
42	3.520000	6.850624
43	1.920000	5.067408
44	4.480000	6.328584
45	1.920000	2.774364
46	0.320000	0.695033
47	2.240000	4.475729
48	1.280000	2.378648
49	0.960000	1.292022
50	5.120000	12.088318
51	2.240000	4.806411
52	6.720000	14.807540
53	1.600000	4.716077
54	2.880000	6.822777
55	1.600000	6.278651
56	0.320000	2.724711
57	0.000000	0.588514
58	0.960000	2.082256
59	8.000000	12.899445
60	0.640000	1.222060
61	1.920000	4.510594
62	4.480000	7.519723
63	9.280000	13.998598
64	4.480000	6.790693
65	2.240000	8.001669
66	4.160000	9.721152
67	4.800000	7.969587
68	3.520000	6.855627
69	4.480000	8.852538
70	4.480000	8.895614
71	5.440000	12.698210
72	5.760000	15.696544
73	2.560000	5.227928
74	0.640000	1.838539
75	0.640000	1.257378
76	5.440000	11.514730
77	3.520000	4.585589
78	1.600000	2.178507
79	3.520000	7.705588
80	4.800000	10.159664
81	5.760000	6.565225
82	14.400000	22.465562
83	0.320000	0.655798
84	12.160000	22.313806
85	0.320000	0.820016
86	11.520000	20.712622
87	2.240000	3.107736
88	0.960000	1.351111
89	0.320000	3.109139
90	0.320000	1.503690
91	2.880000	4.092404
92	0.960000	2.265877
93	0.960000	2.901687
94	6.720000	11.302909
95	2.240000	3.772320
96	0.640000	1.500600
97	11.520000	19.462642
98	2.240000	3.824083
99	2.560000	4.076538
100	0.640000	1.492792
101	3.200000	3.526571
102	8.000000	13.704385
103	1.920000	2.297794
104	3.840000	10.642857
105	9.280000	15.504963
106	0.960000	1.741769
107	1.280000	2.074643
108	2.880000	6.512957
109	1.280000	1.803965
110	2.240000	4.290925
111	1.920000	3.662428
112	5.760000	9.905569
113	0.960000	2.707168
114	0.320000	2.179969
115	2.240000	4.487609
116	8.320000	14.622173
117	22.400000	29.979280
118	6.080000	8.687025
119	7.680000	11.510008
120	2.560000	7.887691
121	0.640000	1.847402
122	2.560000	6.184672
123	1.600000	3.254963
124	2.560000	5.621620
125	6.400000	11.928139
126	1.280000	2.679500
127	1.920000	4.854621
128	10.880000	19.405325
129	2.560000	3.728552
130	1.920000	2.307813
131	0.320000	0.728643
132	6.080000	10.448743
133	4.480000	9.275785
134	6.720000	11.107149
135	1.280000	1.459202
136	3.200000	4.593600
137	5.440000	7.686625
138	7.040000	14.422539
139	6.720000	14.451438
140	1.600000	5.999993
141	0.640000	5.213780
142	1.920000	2.813329
143	6.080000	10.845920
144	0.640000	4.958177
145	0.320000	0.858419
146	1.920000	5.340846
147	2.880000	5.833666
148	0.320000	1.097731
149	7.040000	12.224779
150	1.280000	3.414701
151	3.840000	9.236313
152	0.000000	1.843866
153	3.520000	5.895548
154	1.280000	2.644582
155	5.760000	10.843516
156	1.280000	4.436409
157	0.000000	2.957956
158	1.600000	3.683424
159	3.520000	6.722004
160	2.560000	6.008407
161	1.280000	3.053902
162	0.320000	2.266264
163	0.640000	1.463976
164	0.000000	1.664366
165	4.800000	7.710460
166	1.280000	2.016574
167	0.320000	2.451484
168	7.040000	11.362466
169	0.640000	1.596927
170	0.320000	0.680099
171	0.640000	1.029483
172	1.600000	2.689587
173	1.280000	1.992161
174	0.640000	1.024239
175	0.320000	0.638280
176	8.320000	14.477573
177	0.320000	3.239516
178	0.960000	2.168303
179	2.240000	2.557335
180	1.280000	1.525070
181	2.240000	4.381843
182	0.320000	0.710613
183	0.960000	2.815662
184	1.600000	3.621429
185	5.440000	13.830862
186	0.320000	0.590922
187	8.960000	15.903111
188	1.280000	2.433514
189	0.960000	4.439707
190	2.560000	3.706228
191	1.600000	3.562251
192	0.320000	1.996934
193	0.960000	3.528925
194	10.880000	18.764253
195	8.320000	15.338496
196	4.160000	8.840512
197	0.640000	1.876538
198	0.320000	3.076014
199	0.000000	2.823164
200	1.600000	11.111486
201	1.920000	4.028528
202	0.320000	0.914293
203	1.600000	3.435647
204	1.920000	4.384465
205	0.640000	4.068846
206	0.320000	3.155038
207	0.960000	3.173412
208	1.280000	2.781437
209	1.920000	3.224616
210	1.600000	5.051775
211	1.600000	3.643573
212	0.960000	1.597199
213	2.880000	5.435865
214	1.280000	2.230601
215	0.960000	1.834973
216	1.600000	3.091177
217	6.400000	13.355314
218	1.600000	4.097078
219	0.960000	1.805582
220	4.800000	7.659830
221	2.560000	4.380174
222	4.160000	7.459802
223	5.120000	8.661740
224	0.000000	0.151557
225	2.560000	5.129721
226	2.560000	4.605178
227	0.000000	2.291461
228	0.320000	0.439315
229	1.920000	2.797609
230	3.840000	7.442631
231	6.720000	10.404661
232	1.920000	4.241123
233	5.120000	8.471400
234	1.280000	2.568679
235	4.160000	6.930351
236	1.920000	4.019904
237	4.160000	7.433545
238	5.120000	8.095907
239	3.840000	7.797862
240	0.960000	1.913484
241	1.280000	2.287351
242	5.120000	8.227543
243	1.280000	3.728111
244	1.920000	3.923520
245	7.680000	13.609529
246	3.520000	5.936633
247	1.600000	3.563246
248	1.280000	2.553530
249	5.440000	11.813171
250	2.240000	5.203731
251	4.800000	9.625103
252	0.320000	0.502636
253	5.760000	10.537507
254	3.840000	7.357884
255	2.240000	3.698732
256	0.960000	1.310849
257	4.480000	8.629295
258	1.600000	3.126629
259	4.480000	9.062929
260	0.320000	2.468779
261	0.960000	2.427282
262	5.120000	7.950129
263	1.920000	3.886647
264	4.800000	7.711451
265	2.240000	3.643511
266	0.640000	1.186585
267	5.120000	9.124675
268	0.320000	1.669968
269	3.520000	7.574515
270	3.200000	5.803108
271	3.200000	6.056084
272	3.200000	5.697453
273	7.040000	10.800517
274	0.640000	1.744444
275	3.840000	6.726712
276	4.800000	9.037183
277	5.760000	9.910444
278	4.480000	8.210000
279	5.440000	9.214814
280	4.800000	8.675511
281	4.800000	8.698365
282	6.080000	10.928944
283	2.560000	5.768312
284	0.320000	1.252597
285	4.160000	7.069341
286	8.320000	14.938792
287	4.480000	7.646462
288	10.560000	16.752494
289	6.080000	10.709550
290	5.760000	11.420575
291	1.600000	2.793664
292	4.800000	7.320566
293	0.320000	0.844358
294	5.440000	10.942219
295	3.200000	5.871129
296	1.600000	3.255932
297	0.960000	1.686610
298	7.680000	14.411937
299	5.760000	9.113796
300	5.760000	11.353244
301	0.640000	14.619782
302	2.560000	3.380139
303	3.200000	6.307673
304	5.120000	7.783797
305	6.080000	8.563713
306	7.360000	11.740593
307	2.560000	10.592431
308	5.440000	16.500550
309	0.960000	2.945496
310	4.160000	16.962070
311	10.560000	17.288726
312	2.880000	14.445755
313	2.240000	3.631883
314	2.880000	3.412376
315	5.760000	11.198551
316	0.320000	1.454946
317	0.640000	14.697746
318	0.000000	5.451941
319	2.880000	3.430882
320	0.320000	1.573396
321	3.520000	5.509130
322	0.640000	3.714108
323	2.240000	3.378395
324	0.640000	7.421616
325	5.120000	7.664448
326	3.840000	10.146863
327	5.760000	11.315352
328	0.640000	2.874408
329	1.920000	2.850669
330	1.280000	2.123699
331	0.320000	1.483032
332	3.200000	5.378633
333	3.520000	8.108995
334	0.000000	1.425395
335	2.560000	3.904494
336	1.280000	1.860112
337	0.320000	3.796591
338	0.960000	2.005886
339	0.640000	3.324093
340	1.920000	6.268854
341	2.240000	5.052671
342	1.280000	2.796240
343	1.920000	4.452227
344	0.320000	2.719599
345	0.960000	5.379456
346	3.520000	7.175437
347	1.920000	3.228986
348	2.560000	8.433650
349	0.000000	3.098991
350	0.960000	1.478839
351	0.960000	2.655954
352	0.640000	3.001889
353	0.320000	2.497236
354	1.280000	5.511400
355	0.960000	1.515598
356	2.880000	7.668818
357	3.520000	8.277320
358	0.960000	1.841058
359	4.800000	11.501841
360	2.560000	4.412471
361	1.920000	2.899085
362	3.520000	6.047640
363	1.600000	3.746022
364	2.560000	4.387651
365	4.800000	7.522068
366	0.640000	1.982395
367	0.320000	0.635540
368	7.680000	12.764153
369	0.640000	4.646017
370	1.280000	2.053640
371	0.320000	0.388547
372	4.480000	11.335903
373	0.320000	0.456415
374	4.800000	7.066345
375	8.960000	15.835022
376	4.160000	8.941498
377	3.520000	6.205396
378	8.320000	13.251570
379	0.000000	0.826856
380	0.640000	0.938232
381	8.320000	12.784804
382	1.280000	2.063540
383	1.600000	2.598549
384	4.480000	8.736664
385	1.280000	4.272068
386	3.840000	9.510331
387	0.640000	1.472679
388	0.000000	0.159455
389	6.400000	10.711412
390	7.680000	12.406177
391	0.320000	1.320132
392	0.320000	2.250036
393	1.600000	3.385658
394	3.520000	10.811116
395	4.800000	7.780364
396	0.000000	0.616342
397	9.280000	16.077135
398	2.240000	4.406100
399	0.960000	2.550154
400	0.960000	2.761286
401	1.280000	2.130278
402	0.320000	1.270276
403	8.000000	12.987864
404	1.280000	1.760795
405	0.960000	3.071896
406	0.320000	5.285746
407	2.240000	4.309753
408	2.560000	4.373254
409	7.680000	14.206599
410	3.840000	6.978966
411	1.280000	1.723229
412	2.880000	5.391641
413	0.640000	1.956320
414	2.240000	3.250071
415	9.600000	15.031001
416	0.000000	1.092200
417	1.920000	3.245879
418	9.280000	13.593416
419	1.280000	3.313706
420	0.640000	0.878236
421	0.000000	5.051716
422	1.280000	2.163876
423	1.600000	3.074494
424	4.160000	8.292002
425	0.640000	3.274781
426	1.280000	2.232854
427	2.560000	3.907906
428	3.200000	8.859936
429	4.800000	11.265384
430	4.800000	6.667030
431	2.240000	4.197661
432	0.000000	2.995920
433	0.000000	1.462731
434	0.640000	2.301268
435	0.640000	1.946821
436	0.000000	2.338167
437	0.960000	3.144904
438	0.000000	2.320014
439	0.320000	1.436267
440	4.160000	8.248585
441	2.240000	4.082297
442	0.640000	4.397223
443	1.280000	4.442881
444	9.600000	16.981209
445	0.640000	1.455437
446	0.960000	2.943695
447	1.280000	3.811117
448	0.320000	2.707334
449	0.320000	1.942975
450	0.960000	3.247535
451	0.320000	2.871579
452	1.600000	3.027999
453	1.600000	2.864681
454	0.960000	1.913290
455	8.960000	18.510868
456	0.640000	1.824639
457	0.320000	2.180881
458	0.320000	1.436938
459	2.240000	3.797200
460	0.640000	2.922151
461	1.600000	3.671196
462	0.640000	2.311556
463	0.320000	3.157527
464	0.640000	2.330437
465	3.840000	7.208836
466	0.320000	1.255325
467	4.160000	7.306502
468	0.320000	1.731609
469	1.280000	3.353208
470	9.600000	18.080665
471	4.160000	7.857479
472	1.920000	3.532339
473	1.280000	2.968746
474	1.600000	3.010748
475	0.640000	2.128644
476	5.120000	9.001807
477	0.320000	1.494929
478	6.080000	11.509377
479	0.320000	1.621459
480	1.280000	2.736644
481	1.280000	2.127600
482	3.520000	6.666265
483	0.320000	0.580093
484	0.960000	2.278492
485	0.000000	0.494943
486	0.320000	2.283373
487	1.600000	2.991835
488	3.200000	5.591338
489	0.320000	0.510900
490	7.680000	13.487085
491	2.240000	4.649799
492	5.760000	10.885172
493	1.600000	3.846519
494	0.640000	3.011512
495	1.600000	8.010091
496	0.320000	7.292853
497	0.000000	0.882462
498	0.640000	5.576252
499	0.000000	2.901479
500	2.560000	9.143619
501	0.960000	7.213079
502	0.320000	1.327681
503	2.240000	6.238158
504	0.320000	4.288071
505	2.240000	2.919494
506	1.280000	5.810524
507	3.200000	9.538513
508	0.640000	6.279238
509	0.960000	5.082912
510	0.960000	1.757701
511	2.240000	12.815944
512	0.320000	6.484632
513	0.000000	1.757880
514	6.720000	10.655857
515	2.560000	2.988696
516	3.840000	4.824416
517	2.240000	2.770308
518	0.640000	1.885540
519	0.320000	2.045772
520	1.920000	6.720416
521	2.880000	7.284757
522	3.200000	4.159448
523	5.120000	7.445087
524	2.880000	4.146988
525	1.280000	1.794933
526	2.240000	2.869519
527	2.240000	4.226064
528	0.960000	1.683386
529	0.000000	0.595671
530	5.120000	8.040658
531	0.640000	2.729809
532	1.920000	3.442422
533	4.800000	9.332255
534	1.920000	4.581605
535	1.280000	6.039459
536	2.880000	12.877310
537	3.520000	6.833023
538	1.280000	2.587397
539	0.320000	3.351431
540	4.160000	11.719530
541	2.240000	2.876228
542	1.600000	2.403683
543	1.280000	3.306514
544	5.440000	12.623302
545	6.720000	13.055070
546	1.600000	5.267687
547	7.360000	13.337201
548	5.440000	13.768794
549	3.520000	9.349605
550	1.920000	3.598814
551	4.480000	10.934255
552	1.280000	4.027523
553	5.120000	9.748781
554	1.920000	3.939288
555	2.880000	6.602368
556	0.640000	1.765571
557	6.400000	15.537938
558	4.480000	12.864858
559	2.240000	5.341988
560	1.280000	2.843908
561	7.040000	14.473743
562	7.360000	13.380454
563	5.760000	12.173506
564	1.600000	10.032743
565	1.280000	12.445356
566	3.200000	9.247585
567	1.600000	3.170586
568	0.640000	1.851341
569	5.440000	11.087321
570	2.880000	11.306368
571	2.240000	3.622952
572	0.960000	1.858556
573	5.760000	12.168000
574	1.920000	4.324527
575	1.920000	2.369062
576	10.880000	17.936859
577	0.320000	1.827918
578	7.680000	14.759263
579	1.920000	3.881096
580	3.840000	6.363872
581	6.400000	12.241843
582	0.640000	1.225548
583	2.560000	7.663299
584	1.280000	2.614896
585	0.640000	2.126810
586	4.160000	11.972774
587	0.640000	0.893695
588	3.520000	7.052377
589	1.920000	3.707917
590	0.000000	1.914989
591	10.880000	19.594594
592	0.000000	2.502932
593	8.960000	16.551002
594	1.600000	2.205248
595	0.640000	2.033978
596	0.640000	1.262749
597	0.960000	1.757742
598	0.960000	1.274437
599	8.960000	19.485414
600	0.000000	2.640911
601	0.320000	1.501780
602	4.160000	14.497096
603	2.240000	2.914009
604	0.320000	2.543133
605	2.240000	3.218969
606	1.280000	1.743492
607	0.960000	1.254444
608	1.280000	1.747017
609	8.000000	17.803828
610	0.640000	2.437068
611	1.920000	3.846947
612	0.640000	0.896025
613	7.680000	13.247377
614	0.000000	1.368786
615	0.960000	1.413445
616	0.960000	1.900359
617	1.280000	2.249878
618	2.880000	4.385695
619	2.240000	3.951691
620	0.960000	2.554479
621	0.640000	5.825652
622	0.960000	1.797368
623	0.960000	2.003655
624	0.960000	2.104988
625	1.600000	3.823003
626	0.960000	1.728803
627	1.280000	1.636280
628	1.280000	1.907342
629	0.320000	1.256285
630	2.240000	4.708301
631	1.280000	2.083116
632	0.640000	2.550856
633	1.600000	3.112284
634	1.600000	3.263424
635	2.880000	4.741967
636	2.560000	3.587860
637	0.320000	1.132021
638	0.000000	0.793908
639	0.640000	3.328790
640	4.480000	7.801811
641	0.320000	1.476493
642	2.240000	2.874364
643	2.880000	3.129179
644	1.600000	2.354878
645	0.640000	1.449663
646	0.000000	8.937125
647	3.520000	7.243849
648	1.280000	4.432436
649	0.640000	1.739412
650	0.320000	0.674934
651	0.320000	0.972519
652	0.960000	2.783034
653	8.640000	15.617823
654	0.960000	2.877419
655	1.280000	2.432231
656	0.000000	0.495942
657	0.640000	2.728805
658	1.600000	2.146325
659	0.640000	1.258539
660	0.000000	0.061775
661	2.240000	5.350810
662	0.960000	1.839792
663	0.000000	1.954260
664	0.320000	1.405935
665	0.320000	1.232577
666	0.000000	1.045786
667	0.960000	1.419145
668	0.320000	0.496110
669	0.960000	2.164763
670	0.320000	0.782447
671	1.920000	2.707958
672	1.920000	3.731330
673	0.000000	1.690713
674	0.960000	2.676335
675	3.840000	15.355841
676	1.280000	1.602801
677	0.960000	2.515262
678	0.640000	1.386848
679	1.600000	2.407990
680	1.600000	3.239996
681	2.240000	2.427652
682	0.320000	1.115852
683	6.400000	18.800421
684	0.000000	1.753391
685	12.160000	18.202564
686	0.000000	0.584171
687	0.640000	1.082998
688	0.000000	0.749942
689	2.880000	4.677681
690	0.960000	1.155322
691	1.600000	3.004577
692	2.560000	4.827408
693	0.960000	2.733456
694	1.280000	3.567606
695	7.360000	14.151220
696	0.320000	1.308252
697	4.480000	9.124618
698	2.240000	3.030607
699	3.840000	6.094140
700	0.960000	1.817628
701	0.960000	3.370623
702	0.320000	1.290932
703	1.280000	2.221780
704	0.320000	2.520185
705	1.600000	1.737407
706	0.000000	1.669412
707	2.240000	2.422608
708	6.720000	12.486448
709	1.600000	4.774856
710	1.600000	3.330000
711	2.880000	5.993201
712	0.000000	1.342549
713	0.000000	4.525424
714	10.880000	18.337900
715	0.640000	2.576905
716	0.640000	1.222932
717	0.960000	2.237899
718	1.600000	3.781344
719	0.960000	3.057763
720	0.640000	1.337087
721	0.960000	1.333210
722	1.280000	2.482089
723	0.320000	1.999148
724	0.640000	1.428190
725	10.880000	17.675403
726	0.960000	1.801460
727	0.960000	2.957423
728	0.640000	0.818656
729	0.000000	0.780157
730	2.240000	4.491194
731	10.240000	16.446184
732	1.280000	3.910732
733	0.640000	3.324528
734	1.600000	2.098023
735	2.880000	3.144588
736	4.800000	10.832783
737	0.640000	3.673684
738	6.080000	16.931747
739	0.640000	1.498664
740	5.440000	14.831043
741	8.640000	16.086777
742	0.320000	2.408432
743	0.000000	0.608136
744	10.560000	20.137910
745	0.640000	0.824333
746	4.800000	11.353433
747	2.880000	3.622576
748	10.560000	18.594530
749	7.040000	14.767692
750	2.240000	2.883444
751	0.000000	1.966787
752	0.320000	0.649739
753	4.800000	14.103698
754	1.600000	3.226468
755	1.280000	2.987218
756	5.760000	11.086953
757	1.280000	4.005511
758	4.480000	11.727453
759	0.000000	1.312701
760	1.280000	7.687234
761	1.280000	2.028572
762	4.480000	7.144225
763	3.200000	4.763129
764	1.600000	7.108552
765	2.560000	14.374432
766	8.640000	15.699424
767	0.320000	1.909829
768	1.920000	3.137500
769	8.960000	19.171079
770	0.960000	3.191804
771	5.760000	13.363711
772	9.280000	19.713267
773	10.560000	18.632280
774	7.360000	16.876914
775	4.800000	10.829525
776	1.280000	5.783672
777	0.320000	7.465769
778	10.880000	19.423634
779	3.840000	10.062781
780	9.920000	19.845103
781	9.600000	17.048624
782	1.920000	2.719315
783	9.600000	14.577163
784	2.560000	9.075648
785	4.160000	12.994923
786	0.960000	2.047182
787	5.440000	13.705294
788	1.920000	3.654939
789	5.440000	10.605914
790	6.720000	11.004735
791	5.760000	9.436777
792	3.840000	11.758582
793	6.400000	13.943270
794	2.240000	4.306049
795	1.920000	4.808742
796	5.120000	11.658056
797	1.920000	4.598461
798	8.960000	15.733575
799	2.880000	7.681746
800	8.320000	15.261842
801	7.680000	14.531413
802	4.800000	10.166489
803	0.640000	0.889518
804	8.640000	13.867272
805	7.360000	12.523145
806	0.320000	2.622691
807	5.120000	10.387422
808	4.800000	12.209902
809	0.960000	6.312925
810	6.080000	12.469954
811	0.960000	2.436537
812	5.120000	9.261567
813	0.960000	1.857317
814	1.600000	4.475147
815	0.640000	8.280782
816	4.160000	7.408976
817	2.240000	2.707764
818	1.280000	2.559024
819	0.320000	7.715847
820	2.560000	4.702896
821	1.280000	3.232918
822	1.280000	2.443892
823	1.280000	3.202737
824	3.520000	7.096059
825	8.320000	12.697712
826	2.240000	4.574816
827	0.640000	1.421618
828	0.960000	6.746584
829	1.280000	2.003049
830	0.640000	1.139347
831	1.600000	3.469497
832	0.320000	0.715391
833	9.600000	17.682670
834	0.320000	2.436336
835	1.280000	2.280678
836	2.880000	9.872967
837	0.960000	1.854343
838	0.000000	2.105001
839	0.640000	1.732608
840	6.720000	16.770208
841	9.920000	17.700852
842	9.280000	16.112734
843	1.280000	1.901094
844	5.760000	9.917432
845	0.960000	2.282993
846	2.880000	6.378001
847	0.960000	1.486145
848	5.440000	11.597052
849	3.200000	5.466078
850	1.600000	3.142391
851	4.480000	6.793034
852	0.640000	0.709110
853	1.600000	11.456467
854	3.520000	8.801311
855	8.960000	17.634102
856	0.960000	10.923103
857	0.960000	1.108092
858	6.080000	12.233344
859	3.200000	13.769385
860	0.960000	1.620815
861	8.640000	15.486878
862	8.320000	15.552517
863	0.000000	8.532934
864	0.960000	1.391842
865	3.520000	13.058074
866	1.920000	2.782508
867	2.240000	4.329430
868	2.240000	4.735426
869	0.320000	0.842058
870	0.320000	2.560706
871	0.960000	1.375816
872	2.240000	4.088057
873	1.600000	3.398016
874	1.280000	1.776905
875	1.600000	2.530478
876	2.560000	3.610952
877	1.280000	2.000751
878	0.320000	1.154392
879	12.480000	19.462507
880	4.480000	6.640663
881	1.920000	2.382923
882	0.320000	0.827139
883	2.560000	3.753456
884	1.280000	3.021342
885	0.960000	2.805412
886	2.240000	3.212788
887	3.520000	4.810802
888	1.920000	2.765465
889	2.880000	3.948438
890	4.480000	6.472339
891	4.480000	7.009519
892	7.040000	9.005940
893	15.040000	23.469981
894	0.320000	2.322783
895	0.320000	1.193802
896	0.640000	1.659528
897	6.080000	9.585885
898	1.920000	3.616958
899	2.240000	2.825057
900	0.000000	1.680755
901	2.560000	3.535250
902	2.240000	3.493747
903	2.560000	4.089299
904	3.520000	4.902664
905	2.560000	3.417845
906	2.880000	4.546807
907	2.240000	3.329893
908	0.320000	1.216946
909	1.280000	2.012420
910	0.960000	1.874819
911	0.640000	1.526530
912	3.200000	11.353798
913	0.320000	1.926520
914	0.640000	0.946917
915	0.640000	1.793161
916	0.640000	2.127573
917	0.960000	1.561287
918	3.840000	7.574054
919	0.320000	2.073676
920	4.800000	7.784753
921	0.640000	1.860870
922	0.000000	0.458669
923	3.840000	7.917476
924	0.960000	1.294805
925	0.640000	7.505647
926	2.880000	5.245294
927	0.960000	2.052511
928	0.960000	2.423840
929	3.520000	7.362549
930	3.520000	9.240697
931	0.640000	0.707258
932	0.320000	1.373663
933	2.560000	4.942169
934	5.120000	8.440829
935	2.880000	8.861896
936	0.640000	1.133217
937	0.320000	2.622106
938	0.000000	3.755062
939	5.760000	8.815778
940	1.600000	2.391766
941	0.320000	5.165544
942	0.320000	3.991777
943	2.880000	8.849882
944	0.320000	1.670037
945	1.600000	6.688129
946	0.640000	1.706663
947	0.320000	1.624495
948	1.280000	4.868028
949	0.960000	2.811934
950	0.000000	1.959437
951	1.920000	4.639902
952	0.320000	1.014341
953	1.600000	2.835316
954	0.960000	2.130830
955	0.320000	1.251342
956	3.840000	6.930347
957	5.120000	12.671675
958	1.920000	3.582345
959	2.880000	4.980207
960	0.000000	0.580953
961	1.600000	3.334569
962	0.960000	2.715195
963	0.320000	2.652731
964	0.960000	1.791921
965	0.960000	1.856642
966	1.920000	4.926622
967	0.320000	1.881021
968	3.200000	6.461248
969	0.960000	2.302812
970	3.200000	5.081680
971	1.280000	7.933957
972	0.640000	5.916774
973	0.960000	2.543341
974	2.880000	5.133510
975	1.280000	2.455888
976	0.000000	2.039290
977	2.240000	5.386345
978	0.320000	2.620483
979	3.200000	7.847551
980	2.560000	7.306310
981	1.920000	4.847762
982	0.320000	0.401055
983	7.040000	11.098710
984	1.280000	3.108595
985	2.880000	4.511650
986	0.960000	1.442380
987	0.960000	3.125904
988	0.320000	3.110264
989	2.240000	3.824029
990	0.000000	2.577747
991	2.880000	9.144834
992	0.320000	1.119329
993	1.600000	2.649173
994	0.000000	1.074400
995	0.640000	0.998618
996	3.520000	7.843368
997	3.200000	6.346054
998	7.040000	14.596722
999	3.520000	11.901724
1000	0.000000	1.760005
1001	1.920000	2.584343
1002	0.960000	3.033815
1003	0.320000	0.599731
1004	1.920000	6.626184
1005	3.520000	15.172443
1006	0.320000	0.922339
1007	1.600000	2.198047
1008	6.080000	12.330236
1009	2.560000	5.290570
1010	0.640000	0.940307
1011	0.000000	1.134630
1012	4.480000	11.209247
1013	4.800000	10.604053
1014	3.200000	7.181507
1015	4.160000	8.724640
1016	1.600000	7.898234
1017	4.480000	13.241267
1018	2.560000	6.234619
1019	1.600000	2.576809
1020	2.880000	6.848236
1021	0.960000	1.149486
1022	5.120000	12.749330
1023	0.320000	3.156018
1024	1.920000	2.883586
1025	3.840000	8.286950
1026	0.960000	10.668125
1027	1.600000	2.520371
1028	0.000000	2.897703
1029	0.000000	0.096417
1030	3.200000	7.485106
1031	1.280000	3.977192
1032	7.040000	15.959249
1033	2.880000	5.872229
1034	0.640000	1.013741
1035	1.280000	2.620926
1036	4.160000	9.115547
1037	3.840000	7.716858
1038	1.920000	5.593582
1039	1.920000	4.737344
1040	2.240000	7.839234
1041	0.640000	1.018988
1042	1.600000	5.602566
1043	4.160000	9.468277
1044	1.920000	3.104783
1045	4.160000	10.849969
1046	2.560000	4.153336
1047	8.000000	16.092308
1048	3.840000	11.726776
1049	3.840000	7.670858
1050	3.840000	11.090030
1051	8.960000	13.968357
1052	0.320000	4.060535
1053	4.800000	12.575060
1054	1.280000	5.314212
1055	4.480000	9.983084
1056	2.240000	4.681009
1057	2.880000	4.573659
1058	2.880000	3.687927
1059	3.520000	6.984569
1060	5.120000	11.428559
