No.	Z Error(mm)	3D Error
1	0.000000	0.384568
2	0.960000	1.417101
3	1.280000	1.789818
4	0.640000	1.845205
5	0.000000	0.991272
6	0.640000	1.332684
7	0.640000	3.454129
8	0.640000	0.869690
9	0.640000	0.997573
10	2.560000	7.116755
11	2.880000	4.066369
12	1.920000	2.484885
13	0.640000	1.763984
14	0.000000	2.325208
15	1.280000	2.036910
16	2.880000	3.476591
17	0.960000	1.704573
18	1.920000	3.174590
19	0.640000	1.117152
20	0.000000	0.594843
21	0.960000	2.198532
22	2.560000	5.696363
23	0.960000	1.118546
24	2.240000	3.178032
25	0.320000	0.509215
26	1.280000	4.708999
27	1.600000	2.913036
28	1.280000	2.065024
29	1.280000	2.471927
30	0.000000	0.983706
31	0.320000	0.947322
32	0.320000	0.858562
33	1.920000	2.566337
34	0.640000	0.938066
35	0.640000	1.767334
36	0.640000	0.852029
37	0.640000	1.141659
38	0.320000	0.925918
39	3.520000	5.614827
40	0.000000	0.161388
41	0.320000	0.635967
42	0.640000	2.225712
43	0.960000	3.248387
44	8.000000	9.942511
45	7.040000	8.399616
46	1.600000	1.887556
47	1.600000	2.145710
48	0.320000	0.679380
49	0.960000	2.135273
50	0.640000	3.472355
51	0.320000	1.637804
52	1.280000	1.740322
53	1.280000	1.735818
54	0.000000	0.113464
55	0.960000	4.037887
56	1.280000	3.402377
57	0.320000	2.195151
58	0.640000	2.074879
59	0.640000	1.566786
60	1.600000	4.717648
61	0.960000	2.118492
62	0.320000	0.705002
63	0.960000	1.304483
64	1.280000	1.781904
65	5.760000	9.103831
66	0.640000	2.807091
67	0.000000	1.078242
68	0.000000	0.806774
69	0.960000	1.626179
70	2.880000	4.082451
71	0.320000	1.183744
72	0.320000	1.081591
73	0.000000	0.742841
74	0.320000	0.581696
75	0.320000	1.329317
76	0.960000	2.127467
77	0.320000	0.960955
78	2.560000	4.423093
79	0.320000	2.572494
80	0.960000	1.329236
81	6.400000	7.278657
82	0.640000	1.313070
83	0.640000	1.459386
84	7.680000	10.824473
85	0.960000	3.250176
86	0.320000	1.820026
87	2.880000	4.787169
88	1.280000	2.655573
89	4.160000	5.333135
90	1.280000	2.179539
91	6.400000	19.633190
92	1.600000	2.187204
93	0.320000	2.039747
94	0.960000	1.392624
95	2.880000	6.085932
96	0.320000	1.787957
97	4.160000	7.137937
98	0.320000	1.258150
99	0.960000	1.390649
100	0.320000	0.832747
101	3.840000	4.338780
102	2.880000	7.891159
103	1.920000	2.322992
104	1.600000	3.003844
105	1.600000	2.527481
106	0.640000	2.077775
107	0.000000	1.013325
108	0.320000	0.892697
109	0.960000	1.255543
110	7.360000	11.744515
111	5.760000	10.102606
112	2.880000	3.843289
113	3.840000	5.993736
114	0.960000	2.576348
115	1.280000	2.130127
116	0.320000	2.339513
117	1.280000	3.557196
118	0.640000	1.290622
119	4.800000	6.235587
120	6.720000	17.080713
121	1.280000	4.076176
122	0.960000	3.863797
123	0.320000	4.084630
124	0.960000	2.010974
125	2.560000	5.266249
126	0.640000	1.660819
127	0.640000	1.532720
128	0.960000	1.733537
129	0.320000	1.131540
130	1.600000	1.682242
131	1.280000	2.103873
132	2.240000	4.093197
133	8.320000	14.088240
134	1.920000	4.271176
135	2.240000	4.326859
136	0.000000	0.559858
137	1.920000	2.333858
138	0.320000	0.841346
139	0.640000	1.559880
140	1.280000	1.832971
141	0.320000	0.563732
142	0.320000	0.742896
143	0.640000	1.627626
144	0.320000	2.686272
145	0.320000	1.485555
146	0.960000	1.700714
147	1.920000	2.939408
148	0.320000	2.463275
149	0.320000	0.570821
150	1.600000	2.524441
151	0.000000	2.441925
152	0.960000	1.468675
153	0.960000	1.376174
154	0.000000	0.101666
155	4.480000	9.787443
156	0.640000	0.817676
157	0.640000	1.704684
158	0.640000	1.178902
159	0.640000	1.808585
160	1.280000	1.841235
161	0.320000	0.500664
162	1.280000	1.825162
163	0.320000	0.492793
164	0.000000	1.264108
165	0.000000	0.179323
166	0.320000	1.397155
167	2.240000	3.433722
168	0.000000	1.138135
169	0.000000	1.175889
170	0.320000	1.424502
171	0.640000	1.271840
172	0.320000	1.861823
173	0.320000	2.390547
174	0.320000	0.736739
175	0.000000	0.560676
176	0.640000	1.863067
177	0.000000	0.058370
178	0.000000	1.556352
179	3.200000	3.773279
180	1.600000	2.898218
181	0.640000	1.182599
182	0.000000	1.165538
183	0.000000	1.034285
184	0.640000	0.897169
185	1.280000	1.779838
186	0.320000	1.084282
187	0.640000	1.452606
188	0.320000	1.097411
189	0.640000	3.441869
190	0.320000	0.534652
191	0.320000	1.721389
192	0.960000	2.447871
193	0.320000	0.725304
194	0.640000	1.168453
195	0.000000	0.485286
196	0.640000	1.123435
197	0.000000	0.717197
198	0.960000	2.160743
199	0.320000	0.925939
200	8.000000	19.662420
201	0.960000	1.586603
202	0.960000	2.470326
203	0.320000	2.503563
204	0.000000	0.752979
205	0.960000	1.699247
206	0.320000	0.559985
207	0.640000	1.105696
208	0.640000	2.738306
209	1.920000	3.208618
210	0.320000	0.851213
211	0.000000	0.888285
212	0.320000	2.057706
213	0.960000	1.916679
214	0.320000	0.825557
215	0.320000	1.588389
216	0.320000	1.875751
217	0.320000	1.031887
218	0.320000	1.733250
219	0.320000	0.966455
220	0.320000	1.019040
221	0.320000	0.790575
222	0.320000	1.596329
223	0.640000	1.404063
224	0.320000	0.666336
225	0.640000	1.253676
226	1.280000	1.960180
227	1.600000	1.944964
228	0.000000	1.650105
229	2.240000	3.243166
230	0.320000	1.192148
231	0.320000	0.848125
232	0.960000	1.544816
233	0.320000	0.720890
234	0.320000	1.152567
235	0.320000	0.553317
236	0.000000	0.389159
237	0.320000	0.919082
238	0.320000	1.110580
239	0.960000	1.794269
240	1.600000	2.304503
241	0.640000	1.291204
242	0.320000	1.325417
243	0.320000	0.875293
244	0.000000	0.300240
245	0.320000	1.108532
246	0.320000	1.401662
247	1.920000	2.808109
248	0.960000	1.633334
249	0.000000	0.978825
250	0.320000	0.571804
251	0.000000	1.164419
252	1.280000	2.499700
253	1.600000	3.052012
254	0.320000	0.937297
255	0.640000	1.843927
256	0.960000	1.925375
257	0.000000	0.175578
258	0.000000	0.456542
259	0.640000	1.856950
260	0.320000	1.056776
261	0.000000	0.301281
262	0.320000	0.592642
263	0.640000	1.603960
264	0.000000	0.472370
265	0.320000	0.672918
266	0.320000	1.329738
267	0.640000	1.893751
268	0.320000	1.524501
269	0.320000	0.898558
270	1.280000	2.114537
271	0.320000	0.812369
272	0.640000	1.228901
273	1.600000	3.125282
274	0.000000	0.687521
275	0.640000	0.958551
276	0.640000	1.994804
277	0.320000	1.813986
278	0.640000	1.314433
279	0.320000	0.943783
280	0.640000	1.175633
281	0.320000	1.443525
282	0.320000	1.111913
283	0.320000	0.878976
284	0.640000	0.853515
285	0.320000	1.220859
286	0.320000	0.903936
287	0.000000	0.526889
288	0.320000	0.857559
289	0.640000	1.042404
290	0.000000	0.647266
291	0.640000	0.890811
292	8.960000	12.772850
293	0.640000	1.320885
294	0.640000	1.459502
295	0.960000	1.455864
296	0.640000	1.061240
297	0.000000	0.294298
298	0.640000	1.541194
299	1.280000	2.416980
300	0.960000	2.046084
301	0.320000	0.641276
302	0.320000	0.926777
303	1.920000	3.175365
304	1.920000	3.126126
305	2.240000	2.677325
306	0.960000	1.672954
307	1.280000	3.300415
308	4.480000	19.296464
309	3.200000	14.721943
310	0.320000	1.491385
311	0.640000	20.181986
312	0.640000	1.240856
313	0.960000	2.318159
314	0.000000	19.315008
315	0.000000	1.661291
316	1.600000	2.975647
317	0.960000	2.495906
318	0.320000	1.576801
319	3.200000	4.154516
320	1.280000	2.253140
321	8.320000	11.481859
322	1.600000	5.023737
323	2.880000	3.954286
324	9.920000	14.697687
325	0.640000	1.112004
326	0.960000	1.132186
327	1.600000	2.790774
328	0.640000	1.000590
329	0.320000	0.631673
330	0.320000	0.965572
331	1.600000	2.589500
332	0.320000	1.609032
333	0.320000	0.972054
334	0.640000	1.478908
335	0.320000	1.227750
336	0.320000	0.537823
337	1.280000	1.981325
338	1.280000	1.924418
339	0.000000	0.353586
340	0.320000	0.650704
341	0.000000	0.052743
342	0.320000	1.021220
343	0.000000	0.283595
344	0.640000	1.420156
345	0.640000	1.096203
346	0.320000	0.865444
347	0.320000	1.312578
348	0.320000	2.208583
349	1.280000	2.026420
350	3.200000	5.910426
351	0.000000	0.573095
352	0.000000	0.827472
353	0.320000	0.697276
354	2.240000	2.724874
355	0.320000	0.832747
356	7.040000	15.170691
357	0.960000	2.046737
358	0.000000	0.081595
359	0.640000	1.039987
360	0.960000	1.490809
361	0.320000	0.623622
362	0.640000	1.166760
363	0.320000	0.661748
364	0.960000	1.394580
365	0.000000	0.973194
366	0.320000	1.144374
367	0.320000	0.403393
368	0.640000	1.509215
369	0.640000	1.286431
370	0.320000	1.597663
371	0.640000	1.036903
372	0.000000	1.101948
373	1.280000	2.326260
374	1.280000	2.097628
375	1.600000	2.330968
376	0.000000	1.141508
377	0.320000	1.066388
378	0.640000	1.531814
379	0.000000	2.251029
380	3.520000	4.381129
381	0.640000	1.078568
382	0.000000	0.885071
383	0.960000	1.542867
384	0.640000	1.370680
385	0.320000	0.552833
386	1.600000	2.409948
387	0.640000	0.969529
388	0.000000	0.159455
389	1.920000	2.966782
390	0.320000	0.918087
391	0.320000	0.487785
392	0.000000	1.442784
393	0.960000	2.230607
394	0.640000	1.075543
395	0.000000	0.685160
396	0.640000	0.855441
397	0.320000	1.021673
398	0.320000	0.986876
399	0.320000	1.039347
400	1.280000	1.933572
401	0.000000	0.411331
402	1.280000	2.486592
403	1.600000	2.482603
404	0.960000	1.810284
405	0.320000	0.785919
406	0.320000	1.488416
407	0.320000	1.108075
408	0.640000	1.998125
409	0.960000	1.829939
410	0.640000	1.013703
411	0.320000	0.793345
412	0.640000	1.089184
413	0.640000	1.324673
414	1.280000	1.885345
415	0.640000	1.487792
416	0.320000	0.707846
417	0.640000	1.145627
418	0.320000	0.793345
419	0.640000	1.125009
420	0.320000	0.824826
421	0.640000	1.213452
422	0.640000	1.237057
423	9.600000	13.557831
424	0.960000	1.987601
425	0.640000	1.407924
426	0.320000	0.632031
427	0.000000	0.736371
428	0.320000	0.420119
429	9.280000	20.551080
430	1.280000	2.207956
431	0.640000	1.472178
432	0.000000	1.131806
433	0.000000	0.167824
434	0.640000	1.362857
435	0.640000	0.897169
436	0.640000	0.951464
437	0.640000	0.875756
438	0.320000	1.132387
439	0.960000	1.962652
440	0.320000	1.680125
441	0.320000	0.849064
442	0.960000	2.314000
443	1.280000	2.499676
444	0.000000	0.416616
445	0.320000	0.787885
446	0.320000	1.472195
447	0.320000	1.203146
448	0.000000	0.496894
449	0.640000	1.307865
450	0.320000	1.472195
451	1.600000	2.643198
452	0.000000	0.682135
453	0.320000	0.634987
454	0.320000	0.705487
455	0.640000	0.986418
456	1.280000	3.103603
457	0.960000	2.133288
458	0.960000	2.053471
459	0.640000	1.837999
460	1.280000	2.657289
461	0.960000	1.975868
462	0.320000	0.870128
463	0.320000	0.503397
464	0.320000	1.070388
465	0.640000	1.425107
466	0.960000	2.401774
467	0.320000	0.852302
468	1.280000	2.603843
469	0.640000	1.692289
470	0.960000	2.310759
471	0.640000	1.420710
472	0.000000	0.486530
473	1.600000	3.074796
474	1.920000	3.589801
475	0.640000	1.132890
476	1.600000	2.902351
477	1.280000	2.781427
478	2.240000	3.628517
479	0.320000	0.754780
480	0.640000	2.245095
481	0.320000	0.771994
482	0.640000	1.353077
483	0.640000	1.930987
484	0.640000	1.304058
485	0.640000	1.425857
486	0.000000	0.662919
487	0.000000	0.158509
488	0.640000	2.333284
489	0.320000	1.025744
490	0.640000	1.258532
491	0.320000	0.553038
492	0.320000	1.205036
493	0.640000	1.288376
494	1.280000	2.843912
495	0.320000	2.964651
496	0.960000	3.178253
497	5.440000	8.426162
498	1.280000	4.594032
499	2.560000	4.189193
500	2.560000	3.583013
501	0.960000	2.589367
502	4.800000	7.118865
503	2.240000	2.764807
504	0.000000	1.624577
505	4.480000	6.005405
506	0.960000	3.328322
507	0.960000	2.168678
508	1.920000	3.718505
509	0.000000	3.746889
510	7.360000	10.508008
511	0.000000	2.335280
512	1.280000	4.302495
513	0.000000	0.161045
514	1.280000	1.957733
515	0.640000	1.355580
516	4.480000	6.884903
517	0.320000	0.553139
518	0.640000	0.977628
519	0.000000	0.126056
520	0.320000	0.988215
521	0.000000	1.176108
522	0.320000	1.261831
523	1.280000	1.740433
524	1.280000	2.063290
525	0.320000	1.962066
526	3.200000	5.044885
527	0.960000	1.256192
528	1.600000	2.158063
529	1.920000	3.578262
530	0.640000	0.899542
531	6.400000	9.674460
532	1.280000	1.747943
533	0.960000	2.127912
534	0.000000	0.942590
535	0.320000	0.806320
536	1.280000	2.617030
537	0.320000	1.082874
538	0.320000	1.043618
539	3.520000	4.599853
540	0.960000	2.083561
541	2.560000	3.175723
542	1.280000	1.927065
543	0.320000	0.373435
544	0.000000	1.153023
545	3.200000	5.793984
546	0.640000	2.300492
547	3.200000	5.475066
548	1.600000	3.959541
549	0.960000	2.546528
550	0.000000	0.416918
551	1.920000	3.676230
552	0.320000	0.872731
553	0.640000	2.275934
554	0.640000	1.482808
555	0.960000	1.548503
556	0.320000	0.749616
557	0.320000	0.404021
558	0.960000	3.307539
559	0.320000	0.382173
560	0.640000	1.631459
561	0.960000	2.240740
562	0.000000	0.761169
563	1.920000	4.429783
564	0.320000	2.155766
565	1.600000	2.390077
566	0.320000	1.524747
567	0.640000	1.583097
568	0.320000	1.549808
569	0.960000	1.725016
570	0.000000	1.229358
571	0.320000	0.888798
572	3.200000	4.900859
573	0.960000	2.340818
574	0.320000	0.568845
575	0.640000	0.805549
576	0.000000	0.189303
577	0.000000	0.787823
578	0.000000	0.240911
579	0.640000	1.584891
580	0.960000	1.327028
581	0.320000	0.792435
582	0.320000	0.829750
583	0.960000	2.141898
584	0.000000	1.014885
585	0.320000	1.363774
586	2.560000	5.290688
587	0.000000	0.764885
588	1.600000	3.729688
589	1.280000	1.984050
590	1.280000	2.102589
591	0.960000	1.421626
592	0.320000	2.092075
593	0.960000	2.952646
594	0.960000	2.339520
595	0.640000	1.432355
596	0.000000	4.365086
597	0.320000	2.675950
598	1.280000	3.605831
599	8.640000	22.045717
600	1.280000	2.659446
601	1.600000	3.095039
602	6.720000	16.762778
603	1.920000	3.915141
604	1.600000	3.769398
605	0.320000	1.372729
606	1.600000	2.309914
607	1.280000	1.510667
608	2.240000	4.735714
609	0.960000	2.891247
610	1.600000	3.896385
611	1.280000	1.797911
612	1.280000	2.167418
613	0.960000	3.086508
614	0.640000	2.316931
615	0.960000	3.809999
616	0.320000	0.573908
617	0.640000	1.464886
618	0.960000	1.745063
619	1.600000	2.659804
620	0.960000	2.083050
621	0.960000	3.008463
622	2.240000	4.002970
623	0.640000	0.810394
624	0.960000	1.547555
625	0.640000	1.709690
626	0.000000	0.415959
627	1.280000	2.732170
628	0.640000	1.105178
629	1.920000	3.748022
630	0.960000	2.001986
631	1.280000	2.074364
632	1.280000	3.043490
633	1.280000	2.566976
634	0.640000	1.328161
635	2.240000	3.609940
636	1.600000	3.196257
637	1.280000	1.665944
638	0.640000	1.062436
639	0.320000	2.916911
640	0.960000	1.474216
641	0.960000	1.262831
642	0.320000	1.244924
643	0.640000	1.004624
644	0.640000	1.476227
645	0.320000	0.701592
646	0.320000	0.665620
647	0.000000	0.746374
648	0.000000	1.715010
649	0.320000	0.389354
650	0.000000	0.370703
651	0.640000	1.360618
652	1.600000	1.939203
653	0.320000	1.224006
654	0.960000	1.643021
655	0.960000	1.333284
656	0.960000	1.626769
657	0.640000	1.058020
658	2.240000	3.069799
659	0.640000	0.847925
660	0.320000	0.956023
661	0.320000	0.876338
662	1.280000	1.667738
663	0.320000	2.698908
664	0.960000	1.164260
665	0.960000	1.528858
666	0.320000	0.483660
667	0.960000	1.419145
668	0.320000	0.986043
669	1.280000	1.837616
670	0.000000	1.328192
671	1.920000	2.193513
672	0.640000	1.895358
673	0.640000	1.061144
674	0.640000	2.358567
675	1.280000	1.815691
676	0.320000	1.110215
677	0.320000	0.438648
678	0.000000	0.462322
679	0.960000	1.505974
680	0.320000	0.831939
681	1.920000	2.559499
682	0.320000	2.232726
683	0.640000	1.462570
684	2.240000	2.809337
685	3.840000	4.931053
686	2.240000	2.779010
687	5.120000	6.174733
688	0.320000	1.884613
689	0.320000	2.453067
690	0.320000	0.467724
691	2.880000	3.528284
692	0.640000	1.823019
693	0.640000	1.551414
694	0.000000	0.899374
695	1.600000	2.462096
696	1.600000	1.984129
697	1.600000	2.855749
698	1.920000	2.408247
699	2.560000	3.521710
700	4.160000	5.298262
701	1.920000	2.442459
702	0.320000	1.418144
703	2.560000	3.240323
704	1.920000	2.789402
705	0.960000	1.155405
706	2.240000	2.630262
707	0.000000	0.784833
708	0.000000	1.154617
709	0.960000	1.588395
710	2.240000	2.908210
711	1.600000	1.883506
712	1.280000	2.397869
713	0.000000	1.632952
714	1.280000	1.715279
715	2.240000	3.185434
716	2.880000	3.730082
717	0.960000	1.901898
718	0.320000	0.444424
719	1.280000	2.231355
720	0.320000	0.914644
721	1.600000	2.008842
722	0.960000	1.224005
723	0.320000	0.868688
724	0.640000	0.959752
725	0.000000	0.515928
726	0.320000	0.897112
727	0.320000	1.225751
728	0.000000	0.944811
729	0.960000	1.087907
730	0.320000	0.965714
731	0.960000	1.133374
732	0.640000	1.122882
733	1.280000	2.192754
734	1.920000	2.193349
735	0.640000	1.309639
736	0.000000	0.654346
737	0.960000	1.220103
738	0.960000	1.372845
739	0.320000	0.808615
740	0.960000	1.639614
741	0.640000	0.909895
742	1.280000	2.287787
743	2.880000	3.497221
744	0.640000	0.808453
745	0.640000	1.732321
746	0.960000	1.420927
747	1.600000	1.773571
748	0.960000	1.349791
749	2.880000	3.283021
750	1.280000	2.682665
751	1.920000	2.601777
752	1.280000	1.796815
753	0.640000	1.683885
754	3.200000	3.533504
755	0.960000	1.224213
756	0.320000	1.930929
757	0.320000	0.402158
758	0.320000	0.701667
759	0.000000	0.161388
760	0.000000	1.043016
761	1.600000	2.399405
762	1.280000	1.810205
763	1.600000	2.510864
764	0.320000	1.377775
765	1.280000	2.241121
766	0.000000	0.564304
767	1.280000	1.756720
768	0.960000	2.961859
769	0.960000	1.733791
770	1.280000	2.163534
771	0.320000	0.456068
772	1.280000	2.143273
773	1.600000	2.258914
774	0.320000	0.792544
775	0.960000	1.375124
776	0.640000	1.932106
777	0.640000	2.214651
778	0.320000	0.586208
779	0.320000	1.329391
780	0.640000	1.744770
781	0.960000	1.295421
782	0.640000	1.698350
783	0.960000	1.387252
784	0.640000	1.469738
785	0.320000	0.845440
786	1.920000	3.731926
787	0.960000	2.248614
788	0.640000	1.451030
789	0.000000	0.563386
790	3.200000	5.057262
791	0.320000	0.551547
792	0.960000	2.011836
793	1.280000	3.317764
794	0.640000	1.623663
795	0.320000	0.869241
796	0.640000	1.116927
797	0.320000	1.380233
798	0.960000	1.304483
799	0.320000	0.439511
800	1.600000	2.550583
801	0.640000	1.331229
802	1.600000	3.761924
803	0.640000	1.527745
804	2.240000	3.061489
805	0.320000	0.654595
806	5.120000	8.097551
807	1.280000	1.862593
808	0.960000	1.515343
809	11.840000	18.593484
810	0.960000	2.242072
811	2.240000	3.996031
812	1.600000	2.381547
813	0.000000	1.377124
814	0.640000	1.986709
815	2.240000	3.420584
816	0.320000	0.968781
817	0.000000	1.516694
818	0.320000	2.065097
819	0.320000	1.041982
820	0.320000	0.842867
821	0.000000	2.417603
822	1.280000	3.150502
823	0.960000	3.957045
824	0.960000	1.814854
825	1.280000	3.776632
826	1.600000	2.708072
827	0.640000	2.859354
828	0.000000	1.221767
829	0.960000	3.726079
830	0.640000	0.954392
831	0.320000	1.227111
832	0.320000	0.450582
833	1.920000	3.076391
834	0.320000	0.864355
835	1.280000	4.063018
836	1.920000	4.030279
837	0.320000	2.666054
838	0.320000	0.648285
839	0.320000	2.984778
840	2.880000	4.058823
841	1.600000	2.248477
842	2.240000	2.482333
843	0.320000	1.412811
844	1.280000	1.634865
845	1.920000	2.265968
846	0.320000	0.557610
847	1.600000	2.191204
848	1.920000	2.232889
849	1.920000	2.492008
850	1.280000	1.794632
851	0.000000	0.308974
852	0.640000	1.154760
853	0.320000	2.173180
854	1.600000	1.929408
855	0.960000	1.854251
856	2.240000	2.813069
857	1.920000	2.592004
858	2.560000	2.825883
859	1.920000	2.485842
860	2.560000	3.446352
861	1.280000	1.646038
862	3.200000	3.455994
863	1.280000	1.888175
864	0.640000	1.773921
865	0.640000	0.776576
866	0.320000	0.790423
867	0.320000	1.739341
868	0.960000	1.853387
869	1.600000	2.344771
870	0.960000	1.373809
871	0.000000	0.854146
872	0.320000	1.859263
873	0.000000	0.807201
874	0.000000	0.763436
875	0.960000	1.242681
876	0.320000	0.696680
877	0.320000	0.657265
878	1.280000	2.242055
879	0.320000	0.378272
880	0.000000	1.193578
881	0.320000	1.107601
882	0.320000	0.456095
883	0.320000	0.417124
884	1.280000	1.935323
885	0.320000	1.085095
886	0.000000	0.108800
887	0.320000	0.827296
888	0.960000	1.400621
889	0.000000	0.386108
890	2.560000	3.570247
891	0.640000	1.656364
892	1.280000	1.740337
893	0.640000	1.586717
894	0.000000	0.354423
895	1.280000	1.729239
896	0.640000	1.343460
897	0.320000	1.212865
898	0.320000	0.555328
899	0.640000	0.867852
900	0.320000	1.930354
901	1.280000	2.373509
902	0.640000	0.890842
903	0.960000	1.865479
904	0.640000	1.258158
905	0.320000	0.584174
906	1.600000	2.166170
907	0.640000	1.078029
908	0.000000	2.071092
909	0.000000	0.400894
910	0.000000	1.210317
911	0.320000	1.261610
912	0.960000	1.313708
913	0.320000	0.824639
914	0.320000	0.737721
915	0.640000	1.419948
916	0.320000	1.734428
917	0.320000	0.465880
918	0.320000	1.512470
919	0.640000	1.367890
920	0.640000	1.374502
921	0.640000	1.137190
922	0.640000	1.491158
923	0.640000	2.254220
924	1.920000	2.430783
925	0.320000	4.163331
926	0.320000	1.724385
927	0.000000	0.433014
928	0.320000	0.699192
929	0.960000	2.134389
930	0.320000	1.945640
931	0.960000	1.627272
932	0.640000	1.194326
933	0.960000	1.863333
934	1.920000	2.862273
935	0.000000	0.679542
936	1.600000	2.407276
937	0.320000	0.454357
938	0.960000	3.298144
939	0.960000	2.229641
940	0.000000	0.958739
941	0.960000	3.124073
942	0.640000	1.058327
943	0.640000	3.597776
944	0.000000	0.468133
945	0.960000	1.762602
946	0.320000	0.502374
947	0.960000	1.642950
948	2.240000	4.654764
949	0.000000	0.063104
950	0.640000	0.752482
951	0.640000	1.203931
952	0.320000	0.630757
953	0.320000	1.141705
954	0.000000	0.944721
955	0.000000	0.889876
956	0.320000	0.436702
957	0.640000	1.398700
958	0.320000	0.941929
959	1.920000	3.407730
960	1.600000	3.944454
961	1.280000	1.994717
962	0.320000	0.864564
963	0.000000	2.446408
964	0.640000	0.981253
965	0.640000	2.209000
966	0.000000	0.472995
967	0.320000	1.947284
968	0.320000	0.780343
969	0.000000	0.901345
970	0.320000	1.349950
971	7.680000	16.476045
972	0.000000	3.364679
973	0.640000	1.078676
974	0.320000	1.418224
975	0.320000	0.817067
976	0.000000	1.168020
977	0.320000	1.830534
978	0.640000	1.520678
979	0.320000	0.779236
980	0.640000	1.377991
981	0.320000	0.490305
982	0.320000	2.162000
983	0.640000	0.979519
984	1.280000	2.061977
985	1.600000	2.542528
986	0.000000	0.203221
987	0.320000	0.715635
988	0.000000	2.574641
989	1.920000	3.121350
990	0.960000	1.771801
991	0.640000	1.963615
992	1.920000	3.465558
993	0.960000	1.541704
994	0.320000	1.424666
995	0.960000	1.554106
996	1.280000	2.157837
997	0.960000	1.547512
998	0.320000	1.627543
999	0.000000	1.918269
1000	0.320000	1.980539
1001	0.320000	1.633105
1002	0.000000	0.679766
1003	0.960000	1.351690
1004	0.320000	3.321720
1005	0.640000	1.198868
1006	2.560000	3.538823
1007	0.960000	1.486281
1008	0.640000	0.818460
1009	0.000000	0.957083
1010	0.640000	1.296944
1011	1.600000	2.446065
1012	0.320000	0.526181
1013	1.600000	3.396727
1014	0.960000	2.367326
1015	0.960000	2.156237
1016	0.640000	2.608024
1017	0.000000	1.964163
1018	0.960000	2.256545
1019	0.640000	1.080278
1020	0.320000	0.790560
1021	2.560000	3.619381
1022	1.920000	3.548490
1023	0.000000	1.050536
1024	0.960000	1.579360
1025	0.320000	0.885679
1026	0.320000	0.659114
1027	0.640000	0.879957
1028	1.280000	2.410322
1029	1.600000	2.242770
1030	0.000000	1.400976
1031	0.640000	2.241534
1032	1.600000	3.996309
1033	0.000000	1.485354
1034	1.600000	3.466287
1035	0.960000	1.461319
1036	0.640000	1.129889
1037	1.280000	2.283186
1038	0.000000	0.231398
1039	0.640000	0.963886
1040	0.640000	1.653537
1041	1.280000	1.978346
1042	0.640000	1.652509
1043	0.320000	0.819137
1044	2.560000	3.716672
1045	0.960000	2.390159
1046	1.280000	2.391448
1047	2.880000	4.995758
1048	0.320000	1.666292
1049	1.280000	2.483947
1050	1.280000	2.279821
1051	2.240000	3.280745
1052	0.960000	2.061896
1053	0.320000	1.053230
1054	1.280000	2.226446
1055	2.240000	3.826268
1056	0.000000	0.804009
1057	0.640000	1.478133
1058	0.640000	1.039450
1059	3.200000	4.362099
1060	1.280000	2.783917
