No.	Z Error(mm)	3D Error
1	10.880000	22.380375
2	4.480000	10.326619
3	8.320000	12.727751
4	7.360000	13.076421
5	4.160000	8.636416
6	14.400000	21.053768
7	12.800000	18.527394
8	11.200000	19.160903
9	5.120000	7.261426
10	13.760000	20.390259
11	7.360000	9.909607
12	4.800000	7.354834
13	8.320000	13.994333
14	6.720000	12.599376
15	15.360000	19.002056
16	28.480000	36.336207
17	6.720000	10.780247
18	8.000000	12.932193
19	10.560000	15.389002
20	8.640000	14.490480
21	7.680000	12.853253
22	0.320000	1.586244
23	2.240000	2.869301
24	4.480000	5.797910
25	0.640000	3.063000
26	4.480000	5.685925
27	1.600000	3.409251
28	3.200000	4.884203
29	15.360000	18.815176
30	10.880000	12.543785
31	3.840000	7.214687
32	1.600000	3.073359
33	3.840000	7.342529
34	8.640000	12.340885
35	12.480000	15.795944
36	8.640000	11.261853
37	0.000000	2.838438
38	1.600000	2.252478
39	5.120000	7.047731
40	4.160000	6.731557
41	10.240000	16.405101
42	1.600000	2.800107
43	0.640000	3.813452
44	14.400000	18.892101
45	13.760000	18.654505
46	9.280000	12.449873
47	0.320000	0.408352
48	3.520000	6.504571
49	5.120000	9.709320
50	6.080000	10.841234
51	10.880000	16.243362
52	11.200000	17.181436
53	11.200000	15.592498
54	8.000000	14.236646
55	6.400000	13.014960
56	5.760000	8.243515
57	5.440000	7.654860
58	6.080000	8.291608
59	16.000000	25.243165
60	5.440000	14.695149
61	11.200000	14.784662
62	8.320000	11.318957
63	4.480000	5.373353
64	4.480000	5.745323
65	4.480000	7.596863
66	7.040000	10.382898
67	4.160000	8.074814
68	1.920000	4.401607
69	1.600000	4.447545
70	4.800000	7.319898
71	0.320000	3.154557
72	7.040000	11.872890
73	6.720000	11.349913
74	8.000000	11.922110
75	10.880000	15.938166
76	9.920000	14.874714
77	25.280000	31.328193
78	12.160000	15.282298
79	6.400000	10.141245
80	6.400000	10.538798
81	9.600000	14.979312
82	6.400000	8.025978
83	11.200000	15.602393
84	10.240000	12.882628
85	0.000000	1.379368
86	9.920000	14.917101
87	6.080000	10.200074
88	1.920000	3.796236
89	35.840000	42.561287
90	26.880000	32.816073
91	7.360000	14.301156
92	4.480000	7.517480
93	3.200000	6.802599
94	1.920000	2.338227
95	1.280000	2.184969
96	19.520000	25.141500
97	14.720000	19.423320
98	4.800000	7.739502
99	4.480000	7.092171
100	4.160000	6.409584
101	2.880000	4.143136
102	7.680000	9.443572
103	3.520000	3.845477
104	3.840000	7.744357
105	8.000000	12.691326
106	8.640000	13.176856
107	11.520000	17.587831
108	1.920000	6.648387
109	3.840000	7.498174
110	13.760000	21.744504
111	5.120000	9.252185
112	5.120000	7.673073
113	6.720000	10.149014
114	2.560000	3.934187
115	3.840000	5.838337
116	6.720000	9.769597
117	9.920000	13.833074
118	6.720000	10.400223
119	6.400000	9.967873
120	2.560000	5.484877
121	1.600000	5.270708
122	6.400000	10.441212
123	7.040000	10.836145
124	3.200000	4.919301
125	3.840000	5.167651
126	4.800000	7.411122
127	4.160000	6.013901
128	15.040000	20.252010
129	4.160000	4.501788
130	2.240000	2.492875
131	4.160000	5.386448
132	3.520000	4.255092
133	0.000000	1.115910
134	4.480000	7.887007
135	2.240000	5.969605
136	8.000000	9.665035
137	1.920000	2.598239
138	9.280000	12.195697
139	2.560000	3.857493
140	2.880000	3.658687
141	13.120000	16.574491
142	9.600000	11.502352
143	14.080000	18.162966
144	6.720000	12.076692
145	4.800000	8.207413
146	9.920000	13.290015
147	13.120000	19.020603
148	5.760000	10.170825
149	4.800000	6.832098
150	2.880000	8.027827
151	21.120000	26.898915
152	16.960000	22.664926
153	16.960000	21.085275
154	8.320000	10.765107
155	8.960000	15.213385
156	8.960000	15.074667
157	7.680000	11.327334
158	6.400000	9.541790
159	7.040000	9.505417
160	0.960000	1.829095
161	2.240000	4.507537
162	0.640000	1.280473
163	0.640000	1.522632
164	2.560000	4.092349
165	2.560000	3.343495
166	0.320000	0.448437
167	1.280000	3.113044
168	0.640000	0.936765
169	4.480000	5.541607
170	0.320000	0.685810
171	0.000000	0.877887
172	4.480000	5.783421
173	1.280000	1.575567
174	15.680000	23.587267
175	2.880000	3.872139
176	0.320000	0.660423
177	3.200000	5.130849
178	0.320000	2.406085
179	2.560000	4.088712
180	1.600000	4.314064
181	3.520000	4.930693
182	6.400000	8.367983
183	1.600000	2.188668
184	2.560000	3.688312
185	0.640000	1.703622
186	2.240000	3.088570
187	0.640000	1.347155
188	1.280000	1.417059
189	4.160000	5.554718
190	3.520000	4.502341
191	2.560000	3.481880
192	3.200000	3.603658
193	2.240000	3.834950
194	0.960000	1.961620
195	4.480000	5.376262
196	3.200000	4.064209
197	4.160000	6.498092
198	2.560000	3.259497
199	3.520000	6.596727
200	5.760000	7.505357
201	2.560000	3.821127
202	3.840000	5.305731
203	2.560000	4.102091
204	0.960000	1.642691
205	1.600000	2.158941
206	0.640000	0.771308
207	1.920000	2.866472
208	2.240000	3.532042
209	2.880000	5.317945
210	3.520000	5.860110
211	5.440000	6.873970
212	3.840000	4.863246
213	3.840000	5.039168
214	4.480000	5.315181
215	2.240000	3.090073
216	2.880000	3.994874
217	5.120000	6.505113
218	3.840000	6.227360
219	2.240000	3.766352
220	6.400000	9.548421
221	8.960000	16.609149
222	2.240000	4.572891
223	8.000000	13.272491
224	3.520000	5.871391
225	7.360000	9.665567
226	0.320000	3.651867
227	8.960000	13.010832
228	3.840000	5.387977
229	0.640000	2.437741
230	3.200000	5.853496
231	4.800000	6.851157
232	7.360000	9.942118
233	5.760000	9.035992
234	5.440000	8.195607
235	3.840000	6.436900
236	8.320000	11.577581
237	3.200000	6.127954
238	3.520000	5.594161
239	1.920000	5.330091
240	1.280000	4.950888
241	1.920000	5.862233
242	2.880000	6.672017
243	1.280000	4.714414
244	3.200000	5.062333
245	7.040000	11.133604
246	10.240000	13.707883
247	5.440000	7.892281
248	3.520000	6.529321
249	2.240000	3.876417
250	3.840000	5.906793
251	2.880000	6.475193
252	8.000000	12.989411
253	4.480000	8.080257
254	3.200000	6.257561
255	9.600000	13.787338
256	3.840000	5.812848
257	3.840000	7.827333
258	7.680000	11.606433
259	1.280000	4.739782
260	0.000000	1.407647
261	0.960000	1.680850
262	0.320000	3.718780
263	4.800000	7.330768
264	2.560000	4.260870
265	3.200000	6.066926
266	7.040000	11.010081
267	1.280000	3.969846
268	6.080000	10.083799
269	0.640000	5.955549
270	2.240000	4.410331
271	6.080000	9.761799
272	5.440000	8.294315
273	3.520000	4.790477
274	2.240000	3.518063
275	1.600000	3.233670
276	0.960000	1.670449
277	1.920000	2.875352
278	1.600000	3.919780
279	1.920000	3.089648
280	1.920000	2.921141
281	1.600000	3.246017
282	1.280000	2.702591
283	2.560000	4.329768
284	0.320000	0.521929
285	3.520000	5.682913
286	2.240000	3.078608
287	2.560000	4.250755
288	2.560000	4.360311
289	1.280000	2.158323
290	2.880000	5.462599
291	3.840000	6.731975
292	2.240000	3.668086
293	0.000000	2.479441
294	2.560000	4.868020
295	1.280000	2.031396
296	2.240000	3.755536
297	0.320000	3.148088
298	1.600000	2.700765
299	2.240000	4.227557
300	1.920000	3.967396
301	12.800000	19.822923
302	9.920000	16.162713
303	7.360000	11.606037
304	12.800000	18.534881
305	11.200000	15.897473
306	11.840000	18.186985
307	11.200000	16.811479
308	8.000000	11.024404
309	10.560000	15.566398
310	12.480000	20.501315
311	10.880000	17.498476
312	11.520000	17.001209
313	12.800000	19.018690
314	8.320000	13.066777
315	11.520000	18.713720
316	12.800000	19.958212
317	15.360000	22.833318
318	12.800000	18.069350
319	10.880000	16.747827
320	10.560000	15.636346
321	11.200000	17.566445
322	13.440000	20.346399
323	11.520000	17.507393
324	6.080000	8.822148
325	1.920000	2.970551
326	1.280000	8.763284
327	4.160000	8.752017
328	2.880000	8.475735
329	6.720000	12.249318
330	7.680000	12.796573
331	8.000000	14.399827
332	7.040000	12.036620
333	5.120000	10.561158
334	6.720000	11.645236
335	4.480000	9.104740
336	7.040000	12.617335
337	4.480000	8.596135
338	4.800000	9.843426
339	4.160000	8.841731
340	3.840000	7.419030
341	6.400000	10.716350
342	3.840000	7.206764
343	5.440000	10.325782
344	5.440000	9.997030
345	7.360000	11.973888
346	4.800000	10.415910
347	5.440000	10.532032
348	1.600000	3.486573
349	8.320000	13.004785
350	5.440000	9.072466
351	4.800000	8.317698
352	3.520000	6.495814
353	9.600000	12.003499
354	8.640000	11.016584
355	6.080000	8.172652
356	3.840000	6.028165
357	3.200000	6.077501
358	1.920000	3.659078
359	1.920000	3.986302
360	5.120000	6.377049
361	1.920000	2.313293
362	7.360000	9.497524
363	5.120000	7.223848
364	2.880000	4.705663
365	6.400000	9.086772
366	0.960000	3.719005
367	1.920000	5.543612
368	4.160000	5.872025
369	2.880000	4.374492
370	4.800000	6.923835
371	3.200000	4.312507
372	6.720000	8.593999
373	3.200000	4.128746
374	3.840000	6.202370
375	4.480000	6.249181
376	1.600000	2.750494
377	4.800000	6.561299
378	4.480000	6.601955
379	3.200000	4.600186
380	6.080000	8.459417
381	4.800000	6.443795
382	2.560000	3.617323
383	0.960000	3.917433
384	6.080000	16.303822
385	5.440000	7.326835
386	4.160000	5.213946
387	2.880000	5.707333
388	3.200000	4.068544
389	7.040000	9.816303
390	1.600000	2.760646
391	3.520000	4.622120
392	0.640000	1.357181
393	4.480000	6.383267
394	7.680000	9.848409
395	2.240000	4.023625
396	2.240000	4.221188
397	4.800000	7.033595
398	0.960000	1.686536
399	6.400000	8.153820
400	3.520000	4.546531
401	5.760000	7.884234
402	0.640000	4.052961
403	5.760000	8.189524
404	0.320000	4.172605
405	5.760000	8.569393
406	7.680000	9.950263
407	7.040000	8.824229
408	6.400000	9.026332
409	11.520000	13.830356
410	8.320000	11.029275
411	4.480000	6.206343
412	9.920000	13.104858
413	6.400000	8.529451
414	6.080000	7.820480
415	4.800000	6.914619
416	0.320000	1.614021
417	6.720000	9.616458
418	5.440000	7.420270
419	4.800000	6.548433
420	3.200000	4.495915
421	6.720000	9.097617
422	6.080000	8.100733
423	0.960000	4.304101
424	6.720000	9.801922
425	1.920000	3.078025
426	7.360000	9.171027
427	5.120000	8.321163
428	6.720000	9.709147
429	5.440000	6.804158
430	3.520000	5.438102
431	7.040000	9.804274
432	5.440000	7.138477
433	0.320000	1.357562
434	6.400000	9.049865
435	3.520000	4.325469
436	6.400000	7.679028
437	6.080000	7.184700
438	4.480000	5.838661
439	4.480000	5.371763
440	3.200000	6.570517
441	0.640000	1.138031
442	5.440000	6.867424
443	1.280000	1.657095
444	3.520000	6.076791
445	1.920000	2.470573
446	4.480000	6.781689
447	4.160000	5.533935
448	6.080000	7.006604
449	4.160000	5.781063
450	4.160000	4.960439
451	4.160000	6.769916
452	4.800000	6.436847
453	6.400000	8.778389
454	0.960000	4.035679
455	4.160000	5.760965
456	1.920000	4.356346
457	4.480000	7.332617
458	1.280000	1.812367
459	0.640000	2.245494
460	0.000000	3.517330
461	2.560000	3.579958
462	2.240000	3.651321
463	0.960000	3.298963
464	2.560000	3.997881
465	2.240000	4.298710
466	0.640000	2.706145
467	0.960000	2.327200
468	1.920000	3.735471
469	0.320000	2.758543
470	0.960000	3.326269
471	3.200000	4.026968
472	2.240000	3.451798
473	0.960000	2.963193
474	1.600000	4.767539
475	0.640000	2.284360
476	0.640000	1.555777
477	1.920000	4.641409
478	2.560000	4.134407
479	1.600000	4.030068
480	3.520000	4.848417
481	2.240000	4.848067
482	1.600000	3.129041
483	0.640000	2.727722
484	3.520000	4.952376
485	1.280000	4.311232
486	4.800000	5.876991
487	1.600000	2.257557
488	0.960000	3.037497
489	0.960000	1.283839
490	0.000000	2.318622
491	3.200000	4.099647
492	0.640000	4.696279
493	0.640000	3.172279
494	11.200000	16.848457
495	7.360000	10.290910
496	10.880000	15.900518
497	15.680000	21.818250
498	8.640000	13.011153
499	7.040000	10.549488
500	7.040000	10.477093
501	6.720000	9.906145
502	8.320000	12.908834
503	5.760000	9.162298
504	12.160000	17.609523
505	4.480000	7.947802
506	10.880000	16.201700
507	12.800000	18.628557
508	2.880000	5.151288
509	7.040000	10.778361
510	8.320000	12.187216
511	10.560000	15.325998
512	6.400000	9.678286
513	7.360000	10.425333
514	21.440000	28.934354
515	9.600000	13.160677
516	8.000000	11.756363
517	7.040000	10.950925
518	11.200000	16.317589
519	10.560000	15.023506
520	8.960000	14.167575
521	7.040000	10.802826
522	6.720000	10.331494
523	8.000000	13.264394
524	9.600000	14.673132
525	8.000000	11.931478
526	1.280000	2.491320
527	1.920000	4.018158
528	6.080000	13.384420
529	4.800000	6.676725
530	0.960000	1.584578
531	3.520000	5.205682
532	2.880000	10.443714
533	8.000000	9.807518
534	4.800000	5.749425
535	3.520000	4.595308
536	1.600000	2.099014
537	2.240000	3.190185
538	4.160000	5.900406
539	9.600000	11.743039
540	7.680000	11.214876
541	4.480000	7.235322
542	10.560000	12.519835
543	7.360000	8.880677
544	5.760000	6.677687
545	9.280000	11.680849
546	3.520000	4.195670
547	6.400000	8.970381
548	5.120000	7.983716
549	8.000000	10.687537
550	5.120000	7.845753
551	4.800000	5.594582
552	3.200000	3.898612
553	5.440000	6.331757
554	4.480000	5.258274
555	5.120000	5.757453
556	9.280000	10.991264
557	4.800000	8.473203
558	0.640000	1.671741
559	9.280000	10.968124
560	4.800000	5.583324
561	4.480000	8.933000
562	3.840000	6.778672
563	0.320000	2.462599
564	1.280000	4.166407
565	4.160000	4.893808
566	4.480000	5.554371
567	0.640000	2.745029
568	0.000000	4.071085
569	3.840000	4.677720
570	4.480000	5.967941
571	7.360000	10.796264
572	3.200000	5.280135
573	7.040000	9.063985
574	3.520000	6.211423
575	6.080000	8.337765
576	0.320000	3.648509
577	0.960000	4.377116
578	9.600000	11.749755
579	6.080000	7.979450
580	3.520000	5.481714
581	0.640000	4.597164
582	3.520000	6.738096
583	5.120000	6.942170
584	9.280000	13.027079
585	8.640000	11.030242
586	1.920000	4.711269
587	1.600000	3.256356
588	15.680000	22.418657
589	2.560000	9.392016
590	5.440000	8.937407
591	7.360000	10.128140
592	9.280000	12.076271
593	8.320000	10.792738
594	5.120000	7.451918
595	8.640000	12.193766
596	9.920000	14.353341
597	8.320000	12.342917
598	9.280000	12.880545
599	6.400000	9.362827
600	4.480000	6.927931
601	6.080000	9.148553
602	4.160000	5.543080
603	4.160000	6.724380
604	7.040000	9.962902
605	5.440000	7.753695
606	10.560000	14.839776
607	6.400000	9.075561
608	8.960000	11.919753
609	9.280000	12.786527
610	9.280000	13.099510
611	7.680000	10.852453
612	10.560000	15.132069
613	6.080000	9.111914
614	4.160000	5.938989
615	9.600000	12.432655
616	13.760000	20.659787
617	13.440000	20.440538
618	11.840000	19.132943
619	14.720000	22.139743
620	14.400000	20.658620
621	16.320000	25.590575
622	14.080000	20.888059
623	13.120000	20.602603
624	13.120000	20.648054
625	14.080000	21.444857
626	16.960000	24.079877
627	13.760000	21.278812
628	11.840000	18.104215
629	14.720000	21.364912
630	14.080000	20.428593
631	16.000000	23.180493
632	15.680000	23.386546
633	15.680000	22.232520
634	19.200000	26.714466
635	15.360000	22.831406
636	12.480000	19.947944
637	20.800000	29.508566
638	19.520000	24.847468
639	23.360000	27.775092
640	16.960000	22.054544
641	25.920000	30.114997
642	24.640000	30.105530
643	24.320000	29.499061
644	19.200000	24.049835
645	26.880000	31.206695
646	17.600000	22.273031
647	19.200000	23.841756
648	22.080000	25.695814
649	16.320000	20.779507
650	20.160000	25.559534
651	26.240000	32.334310
652	22.080000	26.931319
653	21.120000	26.476341
654	24.000000	29.520114
655	22.400000	27.450010
656	11.520000	16.962363
657	22.720000	28.574367
658	24.960000	30.537851
659	24.320000	29.738254
660	24.320000	30.053168
661	20.800000	25.183748
662	17.920000	22.641574
663	16.000000	20.330169
664	18.880000	24.667320
665	20.480000	26.084697
666	18.560000	24.013617
667	23.040000	28.287565
668	26.880000	31.966620
669	20.480000	25.533428
670	21.440000	26.162081
671	21.440000	26.021653
672	26.560000	31.765077
673	20.160000	24.950001
674	22.720000	27.733503
675	19.840000	23.766094
676	17.600000	22.471878
677	18.880000	24.502631
678	23.360000	28.451240
679	18.560000	23.121182
680	13.760000	17.986975
681	21.440000	26.216578
682	19.840000	24.647891
683	20.480000	25.557042
684	25.280000	31.648846
685	22.080000	27.716396
686	24.320000	29.604621
687	19.520000	26.120803
688	24.000000	29.214347
689	27.840000	33.328878
690	21.760000	27.320013
691	18.240000	23.968960
692	20.160000	26.625926
693	26.880000	31.988002
694	24.000000	30.578654
695	24.000000	29.825891
696	23.040000	28.590458
697	21.440000	26.765273
698	22.720000	28.090637
699	19.520000	24.503856
700	17.920000	24.299402
701	22.400000	28.760572
702	23.680000	29.416855
703	23.040000	28.303157
704	21.760000	26.941117
705	7.360000	12.206511
706	7.680000	11.662733
707	8.000000	12.644325
708	9.600000	14.579487
709	9.280000	15.651589
710	7.040000	13.394348
711	9.280000	15.500746
712	7.040000	11.542537
713	6.720000	11.168627
714	8.000000	12.643852
715	7.040000	12.254401
716	6.720000	12.335465
717	10.880000	16.983956
718	7.360000	12.968122
719	5.760000	10.365680
720	8.640000	14.874978
721	6.080000	11.222560
722	9.600000	15.994455
723	5.760000	12.519127
724	7.040000	11.562064
725	7.360000	13.129085
726	7.360000	12.914368
727	9.280000	14.562740
728	6.400000	11.830484
729	7.680000	12.467077
730	8.320000	13.420052
731	4.800000	9.946197
732	8.640000	13.685581
733	3.520000	6.417671
734	6.400000	11.281455
735	9.600000	15.307595
736	8.640000	13.834662
737	7.680000	12.962362
738	9.920000	15.716863
739	9.280000	14.236228
740	8.000000	12.829369
741	5.440000	9.680405
742	10.880000	16.842172
743	13.440000	18.803205
744	1.920000	3.020597
745	3.840000	9.764750
746	7.360000	13.327707
747	4.480000	7.946354
748	8.000000	13.561944
749	8.640000	13.953961
750	7.360000	11.865990
751	8.640000	14.188085
752	7.040000	12.020593
753	8.960000	14.252356
754	6.720000	11.178034
755	6.080000	11.318275
756	5.440000	10.314658
757	5.760000	9.527346
758	6.720000	11.058606
759	14.080000	17.261032
760	9.920000	16.212113
761	6.720000	11.429313
762	41.280000	48.295704
763	6.400000	11.147333
764	7.360000	13.471049
765	4.800000	9.160045
766	4.480000	8.159261
767	6.080000	11.159131
768	4.480000	8.982045
769	5.760000	9.460060
770	7.360000	12.384523
771	6.720000	12.068533
772	5.760000	9.276482
773	7.360000	12.309748
774	5.760000	10.959104
775	9.280000	15.069594
776	6.080000	10.671555
777	5.440000	10.243181
778	6.720000	11.481083
779	5.440000	9.700300
780	7.040000	11.912351
781	6.400000	11.007612
782	7.040000	12.065753
783	6.400000	11.303853
784	8.320000	13.278445
785	8.960000	12.303857
786	6.720000	9.319536
787	1.920000	4.357524
788	2.560000	4.367752
789	6.720000	9.922879
790	0.640000	2.472115
791	2.880000	5.379531
792	2.560000	5.155083
793	1.280000	3.448943
794	3.520000	6.066134
795	1.920000	3.396148
796	3.840000	5.616523
797	3.200000	4.648907
798	3.200000	5.476006
799	2.560000	4.746995
800	1.600000	2.403882
801	5.440000	8.140594
802	3.200000	4.250600
803	3.840000	6.228392
804	1.920000	4.331418
805	3.520000	7.339462
806	3.200000	5.436597
807	3.200000	5.120783
808	2.560000	3.706669
809	6.400000	9.208428
810	5.440000	8.353974
811	4.480000	6.687751
812	3.200000	4.370000
813	5.440000	7.928654
814	3.840000	5.395474
815	15.680000	18.946336
816	13.440000	16.812244
817	4.480000	6.755534
818	7.680000	9.908473
819	4.160000	5.697142
820	4.800000	6.374244
821	7.360000	9.148858
822	11.520000	14.988748
823	7.040000	9.375485
824	6.720000	8.479202
825	0.960000	1.482915
826	13.440000	17.061467
827	12.160000	14.890377
828	14.080000	18.706567
829	10.880000	13.508843
830	9.280000	11.968904
831	1.920000	3.623090
832	8.960000	12.175126
833	2.880000	4.747390
834	8.960000	11.319609
835	11.840000	14.686477
836	11.840000	15.132513
837	11.200000	14.768718
838	11.520000	14.463163
839	1.280000	3.832612
840	4.800000	7.958367
841	2.240000	6.217697
842	2.560000	5.943151
843	4.800000	8.033628
844	2.560000	6.226314
845	2.560000	5.879540
846	2.560000	5.224951
847	5.440000	10.073663
848	3.520000	5.801175
849	2.240000	5.385159
850	1.600000	4.996207
851	2.560000	5.285268
852	1.280000	4.616105
853	4.480000	7.134804
854	3.200000	7.705293
855	3.520000	7.285178
856	4.160000	7.784023
857	3.840000	8.737670
858	3.840000	7.911482
859	5.120000	7.789661
860	4.480000	8.568373
861	4.800000	8.029512
862	0.320000	1.865602
863	2.560000	7.418335
864	3.840000	7.902762
865	5.760000	9.871568
866	18.880000	25.928784
867	0.640000	1.473769
868	2.240000	2.514819
869	0.000000	0.233913
870	1.600000	1.885824
871	1.920000	2.698394
872	0.640000	1.049257
873	0.960000	0.992403
874	0.960000	1.454948
875	3.840000	4.314234
876	0.640000	2.766291
877	1.280000	1.991238
878	3.520000	4.535881
879	0.960000	2.513019
880	1.280000	2.310838
881	3.520000	4.362312
882	1.600000	2.214690
883	1.280000	2.029368
884	0.640000	1.339770
885	1.280000	1.939895
886	6.400000	7.831975
887	1.280000	2.299330
888	2.560000	5.093308
889	0.640000	0.853064
890	0.960000	1.184118
891	8.640000	11.278360
892	4.480000	5.920491
893	2.240000	3.152421
894	3.520000	4.911283
895	2.240000	2.912295
896	0.320000	2.898867
897	16.320000	31.823625
898	0.320000	1.572944
899	2.880000	4.237053
900	3.520000	4.621816
901	1.920000	2.881868
902	1.280000	1.863884
903	1.920000	2.261925
904	0.640000	2.177445
905	3.520000	5.354198
906	3.520000	4.222206
907	2.240000	3.747043
908	0.960000	3.497342
909	4.480000	8.782214
910	3.200000	4.071657
911	4.800000	7.370664
912	2.240000	3.312466
913	5.120000	5.991717
914	3.200000	4.678562
915	8.000000	16.468268
916	2.240000	4.455447
917	5.440000	8.166845
918	4.480000	5.059094
919	3.840000	4.495509
920	4.480000	5.446690
921	5.440000	7.331626
922	6.080000	8.688636
923	6.080000	7.818701
924	5.120000	6.238888
925	3.200000	4.444379
926	5.440000	6.619210
927	6.080000	8.269981
928	4.480000	6.773834
929	7.040000	9.351804
930	1.280000	1.626957
931	6.080000	8.085695
932	3.200000	4.697037
933	3.840000	5.769291
934	5.120000	7.271200
935	5.120000	6.246303
936	5.760000	8.166758
937	7.040000	9.667111
938	8.000000	11.228962
939	4.800000	7.775424
940	4.800000	7.402535
941	6.400000	8.707124
942	7.680000	12.363284
943	3.840000	5.840630
944	7.360000	9.555237
945	6.080000	6.987156
946	3.520000	5.047115
947	7.680000	10.190925
948	4.480000	7.323044
949	6.720000	9.191461
950	5.440000	7.315893
951	8.320000	10.566594
952	9.280000	12.354185
953	7.360000	9.871445
954	7.680000	9.502536
955	7.680000	11.165283
956	6.720000	9.134505
957	5.120000	8.166323
958	6.400000	8.985472
959	9.280000	12.580103
960	7.040000	10.130017
961	8.320000	11.223930
962	6.720000	8.998043
963	6.720000	9.228020
964	8.320000	10.903023
965	8.640000	11.833201
966	0.640000	1.616571
967	8.000000	10.889591
968	8.000000	10.575095
969	7.360000	10.345744
970	7.680000	10.776417
971	7.040000	9.074110
972	5.120000	8.071950
973	8.320000	11.747506
974	3.200000	5.202354
975	6.720000	10.329984
976	7.360000	9.966680
977	6.080000	8.335140
978	1.600000	3.939906
979	4.480000	6.906939
980	7.680000	10.689829
981	9.600000	12.779819
982	7.360000	10.293333
983	8.320000	11.166784
984	9.280000	12.507109
985	7.680000	11.847753
986	9.280000	12.358216
987	5.760000	8.386673
988	8.000000	11.758811
989	8.000000	11.147522
990	9.280000	12.569853
991	7.040000	12.828669
992	6.080000	11.825429
993	7.360000	14.215166
994	7.680000	13.170777
995	8.320000	13.583922
996	5.760000	10.354589
997	6.080000	11.858792
998	7.040000	13.343600
999	6.720000	12.761940
1000	6.720000	12.260427
1001	6.080000	12.179468
1002	5.120000	9.757290
1003	7.040000	12.312550
1004	6.400000	12.442188
1005	7.040000	12.208073
1006	7.360000	13.189367
1007	4.160000	8.545463
1008	2.880000	5.526841
1009	5.440000	10.853048
1010	7.360000	12.451720
1011	7.680000	14.037039
1012	7.680000	12.661829
1013	8.640000	14.483725
1014	6.720000	12.151891
1015	5.440000	10.257864
1016	4.160000	9.055093
1017	8.960000	14.594981
1018	8.640000	13.981929
1019	7.680000	12.993641
1020	5.760000	10.844144
1021	8.000000	13.866755
1022	4.160000	8.941076
1023	7.040000	13.740007
1024	5.120000	10.459022
1025	4.160000	8.830131
1026	7.680000	13.897256
1027	4.800000	8.613521
1028	6.720000	11.920990
1029	6.720000	12.391386
1030	8.320000	15.728057
1031	5.440000	10.040951
1032	9.280000	15.451623
1033	11.840000	18.344500
1034	9.600000	16.653273
1035	7.360000	12.424810
1036	42.880000	52.024637
1037	5.120000	9.687252
1038	6.720000	11.930278
1039	8.000000	14.112913
1040	5.120000	9.929272
1041	8.000000	13.952483
1042	5.760000	11.383550
1043	6.720000	12.393396
1044	3.840000	8.580338
1045	5.440000	10.261387
1046	7.360000	13.525846
1047	6.720000	11.889301
1048	6.720000	12.605098
1049	7.680000	13.786588
1050	8.960000	14.689520
1051	6.720000	12.174461
1052	7.360000	12.520127
1053	9.280000	16.118779
1054	6.720000	12.320508
1055	8.640000	15.107017
1056	7.360000	13.416936
1057	6.400000	12.505259
1058	11.200000	15.474325
1059	5.760000	7.986246
1060	7.040000	12.448237
