No.	Z Error(mm)	3D Error
1	34.560000	45.048526
2	0.960000	2.099675
3	0.960000	2.521206
4	2.880000	4.788394
5	0.640000	0.988253
6	1.600000	3.871982
7	0.960000	2.247856
8	0.000000	0.914690
9	3.520000	5.798471
10	1.280000	2.653539
11	0.640000	1.173768
12	0.960000	1.815927
13	0.320000	2.526103
14	2.240000	4.003879
15	2.880000	3.360237
16	3.840000	11.209877
17	5.760000	7.860029
18	4.160000	6.084278
19	2.240000	2.948110
20	0.960000	1.275508
21	0.320000	1.487737
22	1.600000	2.743091
23	4.160000	5.080351
24	3.520000	4.198072
25	5.440000	7.074005
26	0.000000	0.507824
27	0.320000	1.067155
28	0.320000	0.874726
29	1.920000	3.356502
30	3.520000	5.767518
31	0.640000	1.469041
32	2.240000	3.746464
33	0.640000	2.475440
34	2.560000	4.165705
35	4.480000	6.268255
36	0.320000	0.775115
37	0.000000	0.442097
38	3.200000	4.021035
39	0.640000	1.455485
40	1.600000	2.084131
41	2.240000	3.387941
42	3.200000	4.248292
43	0.320000	0.841134
44	2.240000	3.089872
45	1.920000	2.771312
46	2.560000	3.563252
47	0.960000	3.518305
48	0.960000	2.231179
49	0.640000	1.506494
50	0.000000	1.275330
51	3.200000	4.191691
52	2.560000	4.456244
53	0.320000	0.574770
54	0.320000	0.692921
55	0.640000	1.214710
56	1.920000	2.579899
57	0.000000	1.268027
58	2.880000	4.277294
59	2.240000	3.839228
60	3.520000	6.610939
61	3.200000	3.864109
62	0.320000	1.033155
63	5.440000	6.902752
64	4.480000	5.977578
65	3.840000	5.203073
66	0.640000	1.156190
67	3.200000	5.478734
68	1.600000	3.174603
69	3.840000	6.228049
70	1.920000	2.796738
71	0.640000	2.094876
72	3.840000	4.533368
73	0.960000	1.676903
74	0.640000	2.772364
75	3.520000	4.390045
76	1.280000	2.183323
77	6.080000	7.775547
78	1.600000	3.277098
79	0.000000	0.206181
80	1.920000	2.831802
81	2.240000	2.712360
82	0.000000	0.345902
83	2.240000	2.526553
84	2.240000	2.739666
85	0.960000	3.142582
86	0.320000	7.431797
87	0.960000	1.724760
88	0.320000	1.608962
89	3.200000	6.610498
90	2.880000	7.836428
91	4.480000	5.690065
92	0.960000	1.261305
93	0.640000	0.816977
94	1.920000	2.261869
95	0.640000	1.816287
96	5.440000	6.465028
97	2.560000	3.185432
98	1.280000	1.920723
99	3.840000	5.302812
100	3.840000	5.711809
101	0.320000	0.550433
102	1.920000	3.270553
103	4.800000	6.529133
104	0.640000	2.434270
105	0.640000	0.718628
106	0.320000	3.032671
107	2.880000	6.340903
108	0.960000	2.538029
109	7.040000	13.658206
110	2.880000	4.608133
111	0.000000	1.656278
112	3.200000	4.457297
113	0.640000	1.648967
114	1.280000	1.828719
115	0.320000	0.375272
116	0.320000	0.688547
117	5.120000	6.907148
118	0.960000	1.436418
119	3.520000	5.486142
120	7.040000	9.516967
121	7.680000	9.551713
122	1.600000	2.416902
123	3.840000	5.809872
124	0.640000	0.907673
125	0.320000	0.610087
126	5.120000	5.991858
127	10.880000	12.254855
128	12.800000	14.497092
129	1.600000	2.187609
130	2.880000	3.758370
131	1.920000	2.936886
132	1.280000	1.748067
133	1.280000	3.953099
134	0.000000	0.093359
135	0.640000	2.223477
136	8.000000	11.029945
137	0.640000	1.959719
138	2.880000	3.374941
139	4.800000	6.188518
140	1.280000	1.498912
141	2.560000	3.007425
142	5.760000	6.740066
143	2.880000	5.149665
144	1.600000	3.040479
145	1.920000	2.834536
146	1.920000	5.113711
147	0.320000	2.085457
148	5.120000	7.953374
149	1.920000	3.081405
150	0.640000	1.535699
151	3.200000	3.950880
152	0.960000	1.814837
153	0.000000	1.338709
154	1.280000	1.887497
155	1.280000	1.410704
156	0.320000	1.643026
157	2.880000	3.631911
158	1.280000	1.910823
159	2.880000	3.599256
160	0.640000	1.504667
161	0.000000	0.396297
162	1.600000	2.260712
163	0.640000	1.709354
164	1.280000	1.642792
165	1.920000	3.279531
166	0.960000	2.112683
167	0.640000	0.831747
168	1.600000	3.012773
169	4.800000	5.970116
170	0.320000	1.281641
171	0.960000	1.674437
172	4.800000	6.077697
173	1.280000	1.867260
174	6.720000	9.059389
175	0.320000	2.026436
176	0.640000	1.011181
177	0.960000	1.836166
178	0.320000	0.511082
179	2.240000	3.414286
180	2.560000	3.536842
181	2.880000	3.809957
182	0.000000	2.402434
183	2.560000	3.719717
184	3.200000	4.076655
185	0.640000	1.004409
186	0.320000	0.473957
187	0.960000	1.420450
188	0.960000	2.120699
189	0.320000	0.525741
190	1.280000	1.665629
191	2.240000	3.368750
192	1.600000	2.411938
193	0.000000	0.209795
194	2.560000	3.105869
195	2.560000	2.933199
196	2.560000	3.724656
197	1.920000	2.366166
198	1.920000	2.870089
199	1.600000	2.448416
200	1.280000	1.998396
201	1.600000	2.489781
202	2.560000	3.088516
203	0.320000	0.689477
204	5.440000	7.666903
205	1.920000	2.509685
206	0.640000	0.771308
207	0.960000	1.601695
208	3.520000	4.205523
209	1.280000	2.539323
210	2.240000	3.263708
211	2.240000	2.683872
212	3.200000	4.348036
213	0.960000	1.245043
214	1.280000	1.826148
215	1.920000	2.857807
216	1.600000	2.333388
217	4.800000	6.297852
218	0.960000	1.304600
219	1.600000	2.833744
220	5.440000	7.881557
221	0.320000	0.980556
222	1.920000	3.078954
223	0.640000	2.270730
224	2.560000	3.475402
225	1.600000	2.067078
226	2.240000	3.404523
227	1.280000	2.077243
228	3.200000	4.102519
229	1.280000	1.689556
230	3.200000	4.380101
231	3.200000	4.564729
232	2.240000	2.645223
233	1.280000	1.753734
234	2.880000	3.618491
235	1.280000	1.695204
236	2.560000	3.236154
237	1.280000	2.771024
238	2.880000	3.671976
239	1.600000	2.934507
240	0.640000	1.339868
241	1.600000	3.032605
242	1.920000	3.308536
243	0.320000	0.473148
244	1.600000	2.482832
245	0.960000	1.092264
246	3.200000	3.971634
247	3.200000	4.441010
248	1.280000	2.108386
249	0.640000	2.491637
250	2.240000	2.919973
251	1.920000	3.072865
252	2.240000	3.746464
253	0.000000	1.093180
254	1.280000	2.367451
255	1.920000	2.595071
256	0.320000	1.649055
257	0.000000	0.495037
258	0.640000	0.854518
259	0.000000	0.551009
260	7.360000	8.895497
261	0.320000	0.530441
262	0.640000	1.140523
263	1.920000	3.639221
264	0.320000	1.602778
265	2.240000	3.586470
266	1.600000	2.615073
267	0.320000	0.632199
268	0.640000	0.991849
269	2.240000	4.485474
270	1.600000	1.858286
271	0.960000	1.464837
272	1.600000	2.627439
273	1.920000	2.527850
274	0.320000	1.501067
275	0.960000	1.630894
276	2.560000	3.593528
277	0.960000	1.411475
278	0.000000	0.575083
279	0.320000	0.711888
280	0.960000	2.002315
281	0.640000	1.431245
282	1.280000	2.161332
283	0.320000	1.815508
284	1.920000	3.603212
285	0.960000	1.683580
286	0.640000	2.018547
287	0.000000	1.072950
288	0.320000	0.789924
289	1.600000	2.650862
290	1.280000	2.264378
291	0.320000	0.549633
292	0.640000	1.035245
293	0.960000	1.503868
294	0.960000	1.549691
295	0.320000	1.706403
296	2.880000	4.226982
297	1.920000	2.933825
298	0.640000	2.038689
299	0.640000	0.852494
300	0.640000	0.998416
301	3.840000	5.615845
302	7.040000	15.207640
303	0.960000	2.603669
304	0.320000	0.535859
305	1.600000	2.046005
306	2.880000	4.774087
307	1.280000	3.019807
308	0.640000	2.939442
309	0.320000	0.370480
310	4.800000	7.770416
311	0.320000	1.935495
312	0.960000	2.285299
313	0.320000	0.515317
314	1.600000	2.774555
315	0.320000	0.466663
316	17.280000	28.234225
317	18.240000	28.383724
318	0.960000	1.457690
319	0.320000	1.004506
320	0.000000	0.140929
321	0.320000	1.031235
322	0.960000	1.392579
323	13.440000	21.562128
324	0.320000	0.814509
325	0.320000	0.432845
326	0.320000	1.480511
327	2.880000	4.725787
328	1.920000	3.928679
329	0.320000	0.867365
330	1.280000	2.112615
331	3.200000	3.861422
332	1.920000	2.805274
333	1.920000	4.056584
334	2.560000	3.272564
335	0.320000	1.848897
336	1.920000	3.606808
337	0.640000	1.664601
338	0.640000	2.639829
339	0.320000	1.223067
340	0.640000	2.092094
341	1.280000	2.112578
342	0.320000	1.787797
343	1.280000	2.594511
344	0.320000	1.241406
345	2.880000	4.023511
346	0.960000	1.726973
347	0.640000	2.650984
348	1.280000	1.943902
349	0.320000	0.543180
350	0.640000	1.538030
351	0.640000	3.691497
352	0.320000	1.860932
353	4.800000	6.270862
354	0.640000	2.055790
355	0.640000	1.141109
356	0.320000	1.245538
357	0.320000	0.559766
358	1.280000	2.477331
359	1.600000	2.261912
360	1.280000	1.719756
361	2.560000	3.713729
362	1.280000	2.221510
363	0.640000	1.189329
364	0.960000	1.454653
365	0.320000	0.673379
366	0.320000	0.769935
367	0.320000	3.258002
368	0.640000	2.789894
369	1.280000	1.964951
370	0.960000	2.958311
371	0.320000	1.350170
372	0.320000	1.312841
373	1.280000	3.619138
374	0.640000	0.947879
375	1.600000	1.938704
376	0.640000	1.003985
377	0.640000	1.869282
378	0.000000	1.168681
379	0.640000	1.455484
380	0.640000	1.087619
381	1.280000	1.512898
382	0.960000	1.581140
383	0.320000	0.613822
384	1.600000	2.360287
385	1.600000	1.782401
386	0.320000	1.437415
387	0.640000	1.172351
388	2.560000	3.746281
389	0.320000	0.874114
390	3.200000	4.232391
391	1.600000	2.001213
392	2.560000	4.103249
393	1.600000	2.541305
394	0.640000	1.732362
395	2.560000	4.109902
396	0.320000	0.454606
397	0.960000	2.186071
398	0.960000	2.146280
399	0.000000	0.379121
400	0.960000	2.000782
401	0.320000	1.224083
402	0.320000	0.671224
403	0.320000	1.885979
404	1.280000	1.790133
405	0.320000	1.008476
406	0.320000	1.195621
407	0.640000	1.524945
408	0.320000	2.796629
409	1.920000	2.496647
410	0.640000	1.700199
411	2.560000	3.496039
412	0.960000	1.192606
413	1.280000	2.027765
414	0.320000	0.513953
415	1.920000	2.546179
416	0.000000	0.647549
417	0.640000	0.948952
418	1.280000	2.085335
419	1.280000	1.838625
420	1.920000	3.179635
421	0.960000	1.694814
422	0.960000	1.671578
423	0.640000	1.589521
424	0.640000	0.886286
425	0.000000	1.207876
426	0.320000	1.115021
427	0.320000	1.884786
428	0.000000	1.368092
429	0.320000	0.545203
430	1.280000	2.162253
431	0.640000	1.383185
432	0.960000	1.270506
433	0.640000	1.477341
434	1.280000	1.981370
435	0.640000	1.833513
436	0.960000	1.221932
437	5.120000	5.710292
438	0.000000	0.283158
439	3.200000	3.776027
440	5.120000	8.066877
441	0.320000	1.812321
442	4.480000	5.168445
443	0.640000	1.483827
444	3.520000	3.797257
445	1.600000	3.090474
446	1.280000	2.096967
447	0.640000	1.281097
448	2.240000	2.648599
449	0.320000	0.894311
450	2.880000	3.587113
451	1.600000	1.975468
452	0.960000	1.158544
453	1.280000	2.172819
454	0.320000	0.499405
455	1.920000	2.609334
456	0.960000	1.633781
457	1.920000	3.443657
458	1.600000	3.760214
459	0.960000	3.163767
460	0.960000	1.778158
461	0.320000	2.072485
462	0.320000	2.092022
463	2.880000	3.695370
464	2.560000	3.361579
465	0.640000	1.207542
466	0.320000	1.253242
467	1.600000	3.172365
468	0.640000	1.107712
469	1.600000	2.805068
470	1.280000	1.587707
471	3.840000	5.507894
472	0.960000	2.510305
473	1.280000	2.127343
474	0.960000	1.481725
475	2.240000	3.109721
476	0.640000	1.762105
477	1.600000	2.312550
478	0.320000	0.422151
479	0.960000	1.465669
480	3.200000	3.796775
481	0.000000	1.716176
482	1.280000	1.986530
483	0.960000	1.107614
484	1.600000	2.079826
485	1.600000	1.779735
486	0.320000	2.472006
487	2.560000	3.127892
488	1.920000	3.497055
489	0.960000	3.669031
490	0.320000	0.795852
491	0.640000	2.687288
492	0.320000	0.414374
493	0.640000	0.672927
494	1.600000	2.687612
495	0.000000	1.156215
496	1.600000	2.662023
497	0.320000	1.334622
498	1.920000	2.728305
499	0.000000	0.456759
500	0.320000	1.989915
501	1.600000	2.873272
502	0.640000	0.928581
503	1.280000	2.139100
504	0.640000	0.957915
505	0.640000	1.163151
506	0.960000	2.319847
507	0.640000	1.226316
508	0.960000	2.066872
509	0.320000	0.606644
510	0.320000	0.936652
511	0.320000	1.164469
512	0.000000	0.680723
513	1.280000	2.037608
514	0.640000	2.216065
515	0.640000	1.059513
516	0.960000	1.711374
517	1.280000	2.358574
518	1.280000	1.998904
519	0.640000	1.088714
520	0.000000	0.401505
521	0.320000	1.219273
522	0.320000	0.815361
523	0.320000	1.505139
524	1.920000	3.186958
525	1.600000	2.766747
526	1.280000	2.509405
527	0.000000	0.724690
528	0.640000	1.418684
529	0.960000	1.325668
530	1.920000	3.613454
531	0.320000	2.570064
532	1.280000	3.532986
533	2.560000	2.859193
534	3.200000	3.769632
535	2.240000	2.422550
536	5.440000	6.258014
537	3.520000	3.924192
538	2.560000	3.318002
539	0.320000	2.307992
540	0.960000	1.290658
541	0.640000	0.787540
542	3.520000	4.950026
543	3.520000	4.183267
544	2.240000	2.557703
545	2.240000	3.848343
546	0.640000	0.859553
547	0.960000	1.577270
548	0.640000	1.051293
549	0.960000	1.452045
550	0.960000	1.195560
551	0.640000	1.584095
552	0.320000	0.388153
553	0.640000	1.437149
554	0.960000	1.364094
555	1.280000	1.431007
556	4.800000	5.357079
557	0.320000	0.665706
558	7.680000	9.090072
559	3.840000	4.304436
560	5.440000	6.159354
561	0.320000	0.668816
562	0.960000	1.237236
563	1.600000	2.507386
564	2.880000	3.178557
565	1.920000	2.101559
566	0.960000	1.290584
567	0.320000	0.516590
568	0.640000	0.899625
569	0.960000	1.220206
570	5.440000	6.530126
571	4.480000	5.560077
572	0.320000	0.456549
573	0.320000	1.477318
574	0.000000	0.464994
575	0.640000	1.252146
576	0.320000	0.426081
577	1.920000	2.493153
578	0.640000	2.294421
579	2.240000	2.597542
580	0.960000	1.310248
581	0.960000	2.021579
582	0.320000	0.871609
583	1.600000	2.115242
584	5.120000	6.173374
585	3.200000	4.719127
586	5.440000	7.089862
587	0.960000	1.294934
588	0.320000	1.544580
589	0.320000	3.552197
590	1.600000	3.401597
591	1.920000	2.524427
592	0.320000	0.574080
593	1.920000	2.764300
594	1.280000	1.934364
595	1.600000	1.939167
596	0.960000	1.462573
597	1.920000	3.079947
598	2.240000	2.879961
599	1.600000	1.957355
600	0.640000	1.386948
601	1.920000	2.862507
602	5.120000	7.387493
603	0.000000	1.407744
604	2.240000	2.989312
605	0.640000	1.676023
606	1.920000	2.800914
607	2.560000	3.575286
608	2.240000	3.749923
609	0.960000	1.366619
610	0.960000	1.926578
611	0.960000	2.013753
612	2.240000	3.151405
613	1.280000	1.528368
614	1.280000	1.995597
615	1.600000	2.424415
616	0.640000	1.169816
617	0.320000	0.929075
618	0.640000	1.377365
619	0.000000	0.702482
620	0.640000	1.735067
621	2.880000	5.542183
622	0.320000	0.671936
623	1.280000	2.022235
624	0.000000	0.223517
625	0.640000	1.454251
626	1.920000	4.687722
627	0.960000	1.315694
628	0.320000	3.161924
629	0.320000	1.989915
630	1.280000	1.930877
631	0.320000	0.470931
632	0.960000	1.628431
633	1.280000	3.596515
634	3.520000	5.922736
635	1.600000	2.563028
636	0.640000	1.085955
637	3.840000	7.107490
638	1.600000	2.223244
639	1.600000	1.937427
640	0.000000	1.736020
641	1.600000	2.247513
642	2.880000	3.622973
643	1.920000	2.852805
644	0.000000	0.093359
645	1.600000	2.025565
646	0.640000	1.961085
647	0.640000	0.927366
648	0.960000	1.772710
649	1.920000	2.251654
650	0.000000	0.383010
651	0.000000	0.647721
652	1.600000	2.059341
653	1.280000	1.611709
654	0.640000	1.935447
655	1.280000	1.642100
656	3.200000	5.372952
657	0.640000	2.063321
658	2.560000	3.811878
659	1.600000	2.495034
660	1.600000	3.223563
661	0.960000	1.581612
662	1.600000	2.990525
663	0.960000	1.356839
664	0.960000	1.124477
665	1.600000	2.510667
666	1.280000	1.874801
667	3.200000	4.093746
668	0.000000	0.058031
669	0.320000	0.401680
670	0.000000	0.622271
671	0.320000	0.800516
672	2.560000	3.651296
673	0.320000	0.619833
674	0.640000	0.931699
675	0.320000	2.514687
676	0.960000	1.814057
677	0.000000	0.281144
678	1.920000	2.300818
679	1.600000	2.520167
680	1.920000	3.548793
681	0.000000	0.502356
682	0.000000	0.785946
683	0.320000	0.706839
684	1.600000	3.256015
685	0.640000	1.348851
686	0.640000	1.577405
687	1.280000	2.122167
688	0.320000	1.693177
689	1.600000	3.355391
690	0.960000	1.417186
691	0.960000	1.532026
692	0.960000	2.208642
693	1.600000	2.555152
694	1.600000	3.316954
695	0.960000	2.450482
696	0.960000	2.582531
697	2.560000	3.934074
698	0.960000	1.417186
699	0.960000	1.934748
700	0.320000	0.848036
701	0.000000	0.488368
702	0.320000	0.468624
703	0.320000	1.357409
704	0.000000	0.338521
705	1.280000	2.360505
706	0.960000	2.018952
707	0.320000	1.257023
708	0.000000	0.917907
709	0.320000	1.740134
710	0.960000	2.499926
711	0.000000	1.848609
712	0.960000	1.561881
713	0.320000	0.393520
714	0.640000	1.315428
715	0.640000	1.125019
716	0.000000	1.792173
717	1.920000	2.880666
718	0.320000	0.943447
719	0.960000	1.712275
720	0.640000	1.333653
721	0.000000	0.896277
722	0.640000	1.474147
723	0.320000	0.500940
724	1.280000	2.189290
725	0.320000	1.326613
726	0.000000	0.763373
727	1.280000	3.173501
728	1.600000	3.196476
729	0.640000	1.155794
730	0.640000	1.381783
731	0.640000	2.198954
732	1.280000	1.701378
733	1.280000	4.160188
734	0.000000	0.379470
735	0.960000	1.936625
736	0.000000	0.422805
737	0.000000	0.902880
738	0.000000	0.477452
739	0.640000	1.285246
740	0.000000	0.546380
741	0.640000	1.716253
742	0.000000	0.229934
743	2.880000	3.615713
744	0.960000	1.307772
745	0.320000	0.992378
746	1.600000	2.682993
747	4.160000	6.689394
748	0.320000	0.918115
749	0.640000	1.233190
750	1.600000	2.502665
751	0.320000	0.476599
752	0.320000	1.097890
753	0.000000	0.251317
754	1.280000	2.577359
755	0.960000	2.018952
756	0.640000	1.561938
757	1.280000	2.756189
758	0.640000	1.752636
759	1.600000	2.258091
760	0.320000	0.423506
761	0.320000	0.867009
762	1.280000	2.808677
763	0.960000	2.377557
764	1.280000	2.285538
765	0.320000	0.526644
766	1.280000	2.349526
767	0.000000	0.152951
768	0.960000	1.819244
769	0.000000	0.159438
770	0.640000	1.475634
771	0.640000	1.333262
772	0.960000	1.985301
773	0.640000	1.269353
774	0.000000	0.479617
775	0.640000	1.479575
776	0.320000	0.465329
777	0.320000	0.560475
778	1.600000	3.004200
779	0.000000	0.398292
780	0.320000	0.371910
781	0.000000	0.593545
782	0.640000	2.163091
783	0.000000	0.404115
784	1.280000	5.762699
785	3.520000	4.867506
786	0.960000	2.108602
787	1.920000	2.994299
788	1.280000	2.212375
789	1.920000	2.871678
790	0.640000	1.608456
791	0.640000	1.624237
792	1.920000	2.929370
793	0.640000	2.294744
794	0.320000	1.093223
795	0.320000	0.790801
796	0.960000	1.309121
797	0.960000	1.995495
798	1.280000	2.223948
799	1.280000	1.902555
800	1.280000	2.001697
801	0.640000	0.943319
802	1.280000	1.749292
803	1.600000	2.255931
804	0.320000	0.654266
805	0.960000	1.848472
806	0.960000	1.318764
807	0.000000	0.493063
808	0.640000	1.482151
809	0.640000	1.865563
810	0.640000	1.328592
811	0.320000	0.723544
812	1.600000	2.301621
813	0.640000	1.082635
814	0.000000	1.319361
815	1.600000	2.035440
816	0.960000	1.767952
817	0.000000	0.695731
818	1.600000	2.179250
819	3.520000	5.421264
820	3.200000	4.192983
821	1.600000	2.702799
822	0.960000	1.918158
823	0.960000	1.873995
824	0.960000	2.550868
825	4.480000	6.165852
826	0.960000	1.553877
827	1.600000	3.298138
828	0.320000	0.479387
829	0.000000	0.581773
830	0.320000	1.830090
831	0.960000	3.333182
832	2.560000	4.014602
833	2.560000	3.421981
834	1.600000	2.865336
835	0.640000	2.374443
836	0.000000	0.977520
837	0.640000	1.514011
838	0.000000	0.840566
839	0.320000	4.244373
840	0.320000	0.656354
841	0.320000	1.161126
842	1.920000	2.428696
843	0.640000	3.687922
844	1.600000	2.458205
845	1.600000	1.783261
846	1.600000	2.796117
847	3.520000	4.584753
848	0.000000	1.170334
849	1.600000	2.505605
850	2.880000	3.822022
851	2.560000	3.077159
852	0.640000	1.673209
853	0.960000	1.545387
854	2.560000	2.997609
855	1.920000	2.606592
856	2.240000	2.608467
857	0.960000	1.561785
858	3.840000	4.299275
859	0.640000	1.226467
860	2.240000	2.427717
861	1.280000	1.509113
862	3.840000	6.867507
863	0.960000	1.642287
864	0.000000	0.197515
865	0.000000	0.674764
866	8.640000	12.379598
867	1.600000	2.524711
868	0.960000	5.684922
869	1.280000	2.141353
870	0.320000	3.406916
871	0.320000	2.140079
872	3.520000	6.862707
873	1.600000	4.173532
874	0.640000	2.147047
875	2.880000	3.925112
876	0.320000	0.645595
877	0.960000	2.673258
878	1.600000	2.119027
879	0.640000	1.231464
880	0.320000	1.166365
881	0.960000	1.357311
882	0.320000	3.349917
883	0.960000	1.873995
884	0.000000	0.230814
885	1.280000	1.852623
886	2.560000	3.258874
887	1.600000	2.292792
888	0.960000	2.073059
889	1.600000	2.209510
890	0.000000	1.718983
891	1.920000	2.432420
892	4.800000	6.492716
893	0.960000	1.636384
894	0.000000	0.737837
895	1.600000	2.045048
896	0.000000	1.157376
897	5.440000	6.919344
898	5.440000	6.819094
899	2.240000	3.036044
900	1.280000	1.931001
901	2.560000	3.483238
902	1.280000	1.863884
903	2.560000	3.507287
904	1.280000	1.588651
905	0.320000	0.885205
906	5.440000	7.955446
907	0.000000	0.104935
908	6.400000	6.670316
909	0.320000	0.386139
910	0.320000	0.969757
911	1.280000	1.966870
912	0.640000	0.800671
913	0.640000	0.798855
914	0.640000	0.982954
915	0.640000	1.064954
916	2.560000	2.871859
917	1.280000	1.400845
918	0.960000	1.247149
919	1.920000	2.319775
920	0.640000	2.438153
921	0.960000	1.369327
922	0.320000	0.900024
923	0.000000	0.542715
924	2.880000	3.210342
925	0.320000	0.407639
926	0.640000	0.873978
927	1.280000	1.409641
928	1.600000	1.975874
929	2.880000	3.360271
930	1.920000	2.361695
931	0.640000	1.089629
932	0.960000	1.239365
933	0.320000	1.725976
934	0.640000	0.788290
935	0.000000	1.296119
936	1.280000	1.976499
937	0.640000	0.873192
938	0.320000	0.564342
939	2.240000	2.907060
940	1.920000	2.161226
941	0.640000	1.858701
942	0.960000	2.822934
943	1.920000	2.565524
944	1.280000	2.141494
945	3.520000	4.498351
946	0.320000	0.793931
947	1.600000	2.110770
948	1.600000	1.915814
949	0.640000	0.978150
950	0.320000	1.366408
951	0.320000	0.549072
952	1.280000	1.778471
953	1.600000	2.165494
954	1.280000	2.047251
955	0.320000	0.465829
956	1.280000	1.736719
957	2.240000	2.884518
958	2.240000	3.411081
959	0.640000	1.096266
960	1.600000	1.932940
961	0.640000	0.929072
962	2.240000	2.647371
963	1.280000	2.104124
964	1.600000	2.006969
965	1.600000	1.957444
966	2.560000	3.731429
967	0.640000	0.977945
968	0.640000	0.878873
969	0.960000	1.275897
970	0.320000	0.562363
971	1.600000	2.460186
972	1.280000	1.677694
973	0.960000	1.450746
974	0.960000	1.412749
975	1.280000	1.628332
976	0.960000	1.448399
977	1.600000	2.033742
978	0.320000	0.571479
979	3.840000	4.551482
980	1.600000	1.860853
981	1.280000	1.400080
982	0.960000	1.245643
983	0.960000	1.691734
984	0.320000	1.053066
985	2.560000	3.215117
986	1.600000	1.955491
987	0.320000	0.693753
988	0.320000	0.723597
989	0.000000	0.822370
990	0.960000	1.204730
991	4.160000	5.770899
992	3.840000	6.787147
993	0.960000	2.045202
994	0.000000	1.578826
995	1.280000	2.298908
996	1.600000	3.448397
997	0.640000	1.483470
998	0.960000	2.125580
999	0.000000	1.101831
1000	0.000000	0.482628
1001	0.320000	0.774107
1002	1.280000	2.109071
1003	0.320000	1.667796
1004	0.640000	1.043613
1005	0.960000	1.397250
1006	3.840000	5.696616
1007	0.000000	0.178725
1008	3.200000	6.587121
1009	0.960000	1.675900
1010	0.640000	0.982367
1011	0.960000	1.482840
1012	0.000000	0.548041
1013	0.320000	1.119332
1014	0.640000	1.575075
1015	0.320000	1.352606
1016	0.000000	0.369553
1017	0.960000	2.006383
1018	0.320000	0.493602
1019	1.600000	2.966764
1020	0.960000	2.686464
1021	0.640000	0.923564
1022	0.640000	1.878192
1023	0.000000	1.313524
1024	0.960000	2.352586
1025	0.320000	1.292214
1026	0.000000	1.205423
1027	0.320000	1.448064
1028	0.960000	1.402142
1029	0.000000	0.476194
1030	0.320000	0.636232
1031	0.640000	1.729264
1032	0.640000	1.631103
1033	3.200000	4.529456
1034	0.640000	1.254806
1035	0.000000	1.424705
1036	3.840000	6.646860
1037	0.000000	0.985057
1038	1.600000	2.853130
1039	0.640000	1.868016
1040	0.320000	0.764114
1041	0.640000	1.659654
1042	1.280000	2.397014
1043	0.960000	1.648334
1044	0.640000	1.474147
1045	0.000000	0.658331
1046	2.240000	4.943949
1047	0.320000	1.530571
1048	0.640000	1.913417
1049	0.320000	0.611785
1050	0.320000	1.175811
1051	0.000000	0.420402
1052	1.920000	3.107719
1053	0.960000	1.731341
1054	1.600000	2.810911
1055	1.280000	1.824499
1056	1.280000	2.793078
1057	0.640000	1.151105
1058	1.920000	3.178735
1059	2.560000	3.742172
1060	1.280000	1.922120
