No.	Z Error(mm)	3D Error
1	0.960000	29.871448
2	8.640000	15.099005
3	2.880000	6.808501
4	6.080000	13.025791
5	2.880000	8.501462
6	22.080000	26.847107
7	12.800000	17.615252
8	11.200000	17.399891
9	8.960000	11.515320
10	15.680000	21.233213
11	6.720000	11.493553
12	7.360000	10.440866
13	6.720000	11.222933
14	11.520000	16.438598
15	19.520000	25.102462
16	30.080000	41.109832
17	4.160000	11.045972
18	12.480000	19.193581
19	4.800000	12.881896
20	5.440000	12.276090
21	3.840000	10.397637
22	0.320000	3.694194
23	4.160000	5.149787
24	8.960000	11.811921
25	8.960000	11.831250
26	2.880000	4.310682
27	4.160000	6.071229
28	3.200000	4.512483
29	21.440000	26.873026
30	10.240000	13.114227
31	2.880000	4.030600
32	1.920000	3.392182
33	5.120000	7.213981
34	5.760000	8.344351
35	8.960000	13.095881
36	5.440000	8.814344
37	3.520000	5.576877
38	4.480000	6.963707
39	5.760000	8.544341
40	1.920000	6.972444
41	23.040000	28.355287
42	2.240000	4.173276
43	0.640000	4.422627
44	16.320000	21.615790
45	19.520000	25.596678
46	10.560000	15.537775
47	3.200000	7.251183
48	8.000000	11.594285
49	8.320000	12.710870
50	9.920000	13.246679
51	8.320000	10.789408
52	15.360000	21.113173
53	12.160000	16.760613
54	8.640000	14.143975
55	9.280000	12.950083
56	2.240000	5.359563
57	3.520000	6.364348
58	2.240000	5.843465
59	8.000000	24.074330
60	6.720000	12.070019
61	13.120000	17.334211
62	13.120000	17.916615
63	8.000000	10.336071
64	1.600000	1.939022
65	1.600000	6.598195
66	8.960000	15.358144
67	4.480000	7.969548
68	2.880000	3.529054
69	4.480000	6.788632
70	3.520000	6.021972
71	3.840000	6.615849
72	6.400000	9.321558
73	12.800000	17.530002
74	6.720000	9.888714
75	7.360000	10.355113
76	11.200000	15.313368
77	24.640000	32.228488
78	15.360000	20.548218
79	8.320000	12.949121
80	10.560000	16.084584
81	16.000000	21.004056
82	9.600000	12.957214
83	14.720000	19.251214
84	12.160000	14.453196
85	2.880000	4.052508
86	9.280000	14.899647
87	4.800000	9.741447
88	4.160000	7.473999
89	37.440000	43.568755
90	21.760000	27.836169
91	7.360000	11.207571
92	6.400000	8.562594
93	4.480000	7.275141
94	0.640000	1.117253
95	2.880000	4.094828
96	11.520000	17.370181
97	10.560000	14.965248
98	0.960000	7.155550
99	1.920000	3.962633
100	1.920000	2.731575
101	1.280000	1.708254
102	1.600000	2.389373
103	0.320000	2.034662
104	3.840000	8.026160
105	8.960000	13.555557
106	8.640000	14.122912
107	13.120000	17.551974
108	3.840000	5.987752
109	2.880000	4.729205
110	29.120000	36.897178
111	1.920000	5.828842
112	2.880000	4.194854
113	4.480000	9.891434
114	0.000000	2.304742
115	6.720000	9.623934
116	11.200000	16.716940
117	8.000000	11.509491
118	6.400000	9.800309
119	6.400000	11.060704
120	3.200000	6.298984
121	1.280000	3.477685
122	1.280000	7.350678
123	8.000000	12.839797
124	1.280000	2.763478
125	3.520000	4.938492
126	6.400000	8.740023
127	9.600000	14.242480
128	1.920000	3.655928
129	5.120000	5.571983
130	2.240000	2.365162
131	5.120000	6.098829
132	2.560000	3.741259
133	2.240000	3.418195
134	3.200000	5.817066
135	5.120000	7.951461
136	3.840000	8.953384
137	7.040000	9.338401
138	9.600000	12.366677
139	5.760000	7.402974
140	4.480000	5.499154
141	10.880000	14.895514
142	9.280000	11.096375
143	8.000000	11.693264
144	8.320000	13.201323
145	6.080000	9.897183
146	11.520000	17.327936
147	10.560000	17.461052
148	17.280000	23.235307
149	5.120000	7.259834
150	2.560000	8.058454
151	17.920000	24.171630
152	16.000000	21.901323
153	21.760000	25.538768
154	11.840000	14.579155
155	8.960000	13.851919
156	8.000000	12.586891
157	8.640000	12.605968
158	6.400000	9.742215
159	7.360000	9.753795
160	4.800000	6.349303
161	0.320000	2.741158
162	1.920000	3.695138
163	1.280000	3.325528
164	1.280000	3.030547
165	2.880000	5.080980
166	3.520000	4.972359
167	0.000000	2.428945
168	0.640000	4.519670
169	1.600000	2.475490
170	1.280000	3.947737
171	0.320000	3.510775
172	1.280000	4.176617
173	4.160000	5.959850
174	5.120000	7.064874
175	0.640000	1.874236
176	0.960000	3.349190
177	1.600000	2.923333
178	1.600000	2.262068
179	2.880000	4.490186
180	0.640000	1.640916
181	2.240000	3.241696
182	1.600000	2.457106
183	2.880000	4.992069
184	0.640000	1.152298
185	0.640000	2.587881
186	0.640000	0.965684
187	0.640000	2.014919
188	1.280000	1.473069
189	1.280000	1.579769
190	1.600000	1.786337
191	1.920000	3.859641
192	0.640000	1.640583
193	2.240000	3.992834
194	2.240000	2.777399
195	0.640000	1.281886
196	0.640000	1.277883
197	5.440000	7.496674
198	1.920000	2.879881
199	2.560000	3.561074
200	3.200000	4.960550
201	1.920000	2.657005
202	3.200000	4.430692
203	3.520000	4.349116
204	1.600000	2.179036
205	2.240000	2.770280
206	0.640000	0.972095
207	1.600000	2.563653
208	2.560000	3.853653
209	0.000000	0.715830
210	5.760000	8.138623
211	2.560000	3.328146
212	0.000000	0.071236
213	0.960000	1.656049
214	1.600000	2.216932
215	1.600000	2.407562
216	2.880000	3.971908
217	1.600000	2.608707
218	1.920000	2.331340
219	2.240000	3.419008
220	15.680000	20.467595
221	3.520000	7.185228
222	3.840000	6.762525
223	4.160000	5.872827
224	4.480000	6.338377
225	5.120000	8.022539
226	1.280000	2.734094
227	4.480000	9.167688
228	4.480000	6.925745
229	1.280000	2.794740
230	2.880000	5.269280
231	6.400000	9.519417
232	7.040000	9.641130
233	7.680000	9.847742
234	5.440000	7.962522
235	7.360000	9.696334
236	7.680000	10.485310
237	4.800000	7.600766
238	3.520000	4.953115
239	3.200000	4.169469
240	1.600000	2.868217
241	0.640000	2.609640
242	5.440000	7.646545
243	4.160000	7.078275
244	4.480000	6.901054
245	5.760000	8.510681
246	7.680000	12.007129
247	3.840000	6.830943
248	3.840000	7.124670
249	5.440000	8.399608
250	5.440000	9.505318
251	4.480000	6.902991
252	6.720000	10.386363
253	4.480000	7.506008
254	2.560000	5.384277
255	11.520000	15.096371
256	6.400000	8.575784
257	4.160000	6.037997
258	2.560000	3.369863
259	3.840000	6.464607
260	1.920000	3.226840
261	0.960000	2.249172
262	2.240000	4.392101
263	3.520000	6.598379
264	7.040000	9.409863
265	4.480000	7.190772
266	7.680000	10.779768
267	1.600000	3.377727
268	4.160000	6.683060
269	0.960000	2.455877
270	2.880000	5.546565
271	5.120000	8.029861
272	5.760000	8.758190
273	2.880000	4.885527
274	4.800000	6.362244
275	3.840000	5.548899
276	3.520000	4.459923
277	3.200000	4.938555
278	3.520000	4.455082
279	3.520000	4.556476
280	4.480000	6.122968
281	2.880000	4.370701
282	2.560000	3.583965
283	2.880000	4.108980
284	3.200000	4.506696
285	5.440000	6.986834
286	1.920000	3.310291
287	4.160000	5.743538
288	4.160000	5.770579
289	2.880000	3.998770
290	5.440000	7.643086
291	4.480000	6.147073
292	4.480000	5.851453
293	2.560000	3.722678
294	3.520000	4.508083
295	2.240000	3.268400
296	5.440000	6.972463
297	3.520000	5.311750
298	3.200000	4.606857
299	3.840000	5.207361
300	2.240000	3.210915
301	9.920000	15.479614
302	6.720000	10.123452
303	4.480000	6.576964
304	7.360000	10.878261
305	12.160000	16.930974
306	6.400000	8.541924
307	6.720000	11.233393
308	6.080000	7.776621
309	10.240000	14.336919
310	13.120000	20.804925
311	10.880000	15.186192
312	8.960000	12.471950
313	14.080000	19.228219
314	9.600000	12.003065
315	11.520000	16.414341
316	13.120000	18.134049
317	14.400000	20.787815
318	10.880000	15.786223
319	12.480000	16.695773
320	11.200000	14.498456
321	10.560000	14.903614
322	11.200000	16.874665
323	10.880000	16.000086
324	3.200000	5.688384
325	4.480000	6.600736
326	4.480000	7.940088
327	4.480000	8.364935
328	3.840000	5.921708
329	8.960000	13.644900
330	11.840000	15.945916
331	9.280000	13.667353
332	7.360000	11.607841
333	5.120000	7.009231
334	7.040000	10.855617
335	8.320000	12.851520
336	4.160000	7.736514
337	5.760000	9.819934
338	9.280000	13.304655
339	8.640000	13.470395
340	4.160000	6.481407
341	7.360000	11.039641
342	2.240000	5.123712
343	8.960000	13.790521
344	9.280000	13.478226
345	7.360000	11.265510
346	11.200000	14.791676
347	9.280000	14.496770
348	1.280000	3.016484
349	9.600000	15.036398
350	6.080000	9.453047
351	4.800000	8.933999
352	1.280000	5.902952
353	8.320000	10.679479
354	6.400000	8.674949
355	3.520000	4.718679
356	2.560000	3.594724
357	2.880000	4.150669
358	2.880000	4.086357
359	0.960000	1.871259
360	4.480000	6.588795
361	5.120000	6.520591
362	8.320000	10.757532
363	2.560000	4.133012
364	2.560000	3.840223
365	4.800000	6.364623
366	2.560000	3.923633
367	2.560000	3.917256
368	3.840000	5.317035
369	3.520000	5.654756
370	5.440000	6.914987
371	4.480000	7.389656
372	4.160000	6.629069
373	0.960000	1.977024
374	0.320000	1.390215
375	5.760000	7.867145
376	1.280000	1.896673
377	3.840000	6.454744
378	2.560000	3.948184
379	2.240000	3.550663
380	6.400000	7.813316
381	2.880000	4.255650
382	2.880000	3.621344
383	1.920000	2.907230
384	30.400000	35.801437
385	0.640000	1.460766
386	1.920000	3.288931
387	0.000000	0.186244
388	4.800000	6.357380
389	0.000000	0.954747
390	2.560000	3.692049
391	0.960000	1.189522
392	3.840000	5.368108
393	3.200000	4.941077
394	1.920000	2.672703
395	3.200000	5.354546
396	0.320000	0.478776
397	3.200000	4.618196
398	1.600000	4.361749
399	3.200000	4.860334
400	1.600000	2.607503
401	1.920000	2.785988
402	1.920000	2.520442
403	7.360000	9.379612
404	2.880000	3.754990
405	8.960000	10.796558
406	4.800000	6.309860
407	2.880000	5.035982
408	3.840000	5.779193
409	6.080000	8.781748
410	4.800000	6.514131
411	3.520000	4.878679
412	3.200000	4.405597
413	0.960000	2.042183
414	1.600000	3.141483
415	3.520000	4.676737
416	1.280000	3.133934
417	4.480000	5.963650
418	4.800000	6.431453
419	4.480000	6.007270
420	3.840000	4.982456
421	1.600000	2.602768
422	3.520000	4.314453
423	0.000000	2.309091
424	4.800000	6.143503
425	1.600000	3.161779
426	3.520000	4.524719
427	3.840000	5.131753
428	2.880000	3.861663
429	1.280000	4.017398
430	3.840000	4.959556
431	6.720000	8.778642
432	3.200000	4.142493
433	3.520000	5.169162
434	8.000000	11.499921
435	5.120000	7.195785
436	2.560000	4.260793
437	6.720000	8.109387
438	5.440000	7.360082
439	3.200000	4.493842
440	9.280000	12.806316
441	0.960000	3.348414
442	6.080000	7.689174
443	3.840000	5.292405
444	5.440000	7.570344
445	3.520000	5.463834
446	8.640000	10.379519
447	2.560000	4.371012
448	0.320000	1.567298
449	5.760000	7.393570
450	1.920000	4.395688
451	5.440000	7.347247
452	0.640000	1.926697
453	7.360000	8.772557
454	6.720000	8.351877
455	3.200000	4.945367
456	1.600000	4.207174
457	4.160000	4.803476
458	2.560000	3.676186
459	1.920000	4.960335
460	1.600000	4.392677
461	0.640000	4.334138
462	0.320000	3.290233
463	1.600000	4.574647
464	0.000000	2.846044
465	4.480000	6.485627
466	1.920000	3.523070
467	1.920000	3.775775
468	3.840000	5.752656
469	1.600000	3.526113
470	5.440000	7.086629
471	1.600000	2.676130
472	1.280000	3.006254
473	2.240000	4.904045
474	0.320000	2.897735
475	3.520000	5.363935
476	3.200000	5.004340
477	4.800000	6.449637
478	3.840000	5.146181
479	4.160000	5.803825
480	1.280000	2.867990
481	2.880000	4.120081
482	3.520000	4.589471
483	1.600000	3.315194
484	4.160000	5.275579
485	2.240000	3.694507
486	0.960000	2.633872
487	3.840000	4.485629
488	1.920000	3.696430
489	2.240000	4.035016
490	4.480000	6.328230
491	0.640000	3.545855
492	3.200000	4.984950
493	2.880000	3.516915
494	9.280000	17.291696
495	4.800000	11.933320
496	8.320000	15.232316
497	9.280000	15.801554
498	7.040000	13.867648
499	6.080000	12.600736
500	3.840000	11.572642
501	6.080000	12.922840
502	6.720000	13.457509
503	3.200000	9.248777
504	10.240000	16.640963
505	3.200000	8.668155
506	7.680000	15.205211
507	8.640000	15.706262
508	2.560000	7.045006
509	4.160000	11.234172
510	6.400000	13.489822
511	5.760000	14.349906
512	4.160000	10.205816
513	2.560000	9.648936
514	18.240000	24.126574
515	5.760000	12.732616
516	4.160000	9.534667
517	4.480000	10.479307
518	6.720000	14.183213
519	5.760000	12.718270
520	6.080000	13.079149
521	5.760000	11.866020
522	3.200000	10.609140
523	9.920000	15.922184
524	8.000000	15.197843
525	3.840000	10.262563
526	0.640000	5.481865
527	1.600000	5.282237
528	4.160000	7.932441
529	3.840000	7.451774
530	0.640000	4.289781
531	1.280000	4.347904
532	3.200000	5.542016
533	3.520000	4.535004
534	0.640000	2.243147
535	3.200000	5.331722
536	0.000000	0.294297
537	4.160000	5.049340
538	1.280000	3.919548
539	7.680000	12.111851
540	3.200000	4.955071
541	1.280000	1.597137
542	3.200000	5.393216
543	1.920000	3.512240
544	1.600000	3.610131
545	7.040000	8.598815
546	3.840000	5.646543
547	1.920000	2.431528
548	4.160000	6.361896
549	3.840000	5.902862
550	4.800000	6.894243
551	3.200000	4.139938
552	1.920000	3.663030
553	4.480000	5.173690
554	3.520000	4.368697
555	0.640000	3.009491
556	0.320000	0.435788
557	2.880000	5.507768
558	1.280000	1.599674
559	7.360000	8.423191
560	0.320000	1.206592
561	5.760000	8.030322
562	5.440000	7.405046
563	1.600000	2.150372
564	3.200000	3.690384
565	0.640000	1.351828
566	1.920000	4.558876
567	0.640000	1.212820
568	2.880000	3.637942
569	1.280000	1.871518
570	0.640000	1.513765
571	3.200000	5.283496
572	2.240000	2.845511
573	5.760000	7.271072
574	6.400000	7.591864
575	6.400000	7.796882
576	2.560000	5.016619
577	4.480000	5.236994
578	5.440000	6.854418
579	5.440000	7.161861
580	7.360000	8.636794
581	2.880000	4.395930
582	3.520000	4.222188
583	4.800000	5.967765
584	8.000000	9.411463
585	1.600000	2.964265
586	2.240000	2.722725
587	1.920000	2.375301
588	14.080000	20.254262
589	7.680000	11.468242
590	5.120000	7.155519
591	8.640000	11.827324
592	9.280000	13.454332
593	6.080000	8.093532
594	5.760000	7.549535
595	8.960000	11.794627
596	9.280000	12.671096
597	9.600000	12.959294
598	10.240000	14.280718
599	10.560000	14.143062
600	6.080000	7.704606
601	8.640000	11.807569
602	0.320000	2.554423
603	5.440000	6.822415
604	8.320000	11.748008
605	9.280000	12.198721
606	9.600000	13.066878
607	5.440000	7.195554
608	7.680000	10.167214
609	10.560000	14.567080
610	13.440000	18.015815
611	6.400000	8.945119
612	11.520000	16.057834
613	9.600000	12.939150
614	2.880000	3.943804
615	9.280000	12.005452
616	12.800000	19.614762
617	16.960000	23.643300
618	15.040000	21.943923
619	14.720000	21.689550
620	11.840000	18.508785
621	24.640000	31.299188
622	17.280000	24.297026
623	12.800000	18.548523
624	17.280000	23.798399
625	16.640000	23.929321
626	16.640000	24.297617
627	17.280000	23.291488
628	15.040000	21.902750
629	15.680000	22.215399
630	12.160000	18.648817
631	18.240000	25.428900
632	15.360000	22.485039
633	17.600000	25.716052
634	14.720000	22.146822
635	16.640000	22.964286
636	18.880000	24.964283
637	19.200000	27.375691
638	28.800000	33.469071
639	22.720000	28.069103
640	20.480000	25.959272
641	19.520000	25.573905
642	29.440000	34.962477
643	29.120000	33.677822
644	26.880000	31.266548
645	24.640000	30.945747
646	27.840000	32.520405
647	20.480000	25.805899
648	22.720000	27.599969
649	19.520000	24.789449
650	22.720000	27.838013
651	32.320000	37.597026
652	31.040000	36.180337
653	20.800000	26.150831
654	29.120000	34.248989
655	27.520000	32.874052
656	12.800000	16.914517
657	29.440000	35.050154
658	24.960000	30.556254
659	28.160000	33.430437
660	25.600000	31.593391
661	21.440000	27.731642
662	18.240000	23.621971
663	20.800000	25.643499
664	21.760000	26.739493
665	24.000000	29.210406
666	26.880000	32.046151
667	30.720000	35.544785
668	24.320000	29.450293
669	23.360000	28.011491
670	23.040000	28.530573
671	20.480000	26.716777
672	26.240000	31.892990
673	23.360000	28.507043
674	18.240000	23.702068
675	17.280000	23.059610
676	27.840000	32.527929
677	31.040000	35.625680
678	20.480000	26.164392
679	21.440000	26.985955
680	20.160000	24.573366
681	18.880000	23.599863
682	21.440000	26.844887
683	19.200000	24.813550
684	32.640000	38.048947
685	21.760000	27.742030
686	28.160000	33.513594
687	33.600000	38.855018
688	27.840000	33.334645
689	23.680000	29.824775
690	28.160000	32.713048
691	26.880000	31.827607
692	32.320000	37.075113
693	24.320000	30.025583
694	33.280000	38.859639
695	25.280000	31.124623
696	27.200000	32.035008
697	15.360000	20.866340
698	25.280000	31.568795
699	22.400000	27.834777
700	25.280000	30.032449
701	25.920000	31.536331
702	23.040000	28.661807
703	22.720000	28.839105
704	19.520000	25.024220
705	5.440000	10.045558
706	6.080000	10.100590
707	10.240000	15.476637
708	9.600000	15.401856
709	13.120000	18.689179
710	9.920000	15.464287
711	8.640000	13.559021
712	7.360000	12.395450
713	6.080000	11.770776
714	8.960000	14.762934
715	8.000000	13.029060
716	9.600000	14.878518
717	6.400000	10.980797
718	12.160000	19.179046
719	5.760000	9.353815
720	6.720000	13.038670
721	8.640000	14.581884
722	16.000000	21.943607
723	5.120000	10.523439
724	14.400000	18.287218
725	8.960000	14.597962
726	8.640000	13.863562
727	4.160000	12.082510
728	5.120000	9.302857
729	7.680000	12.295211
730	12.480000	19.519840
731	5.120000	9.001174
732	8.000000	13.726921
733	6.080000	10.522320
734	8.320000	13.601498
735	9.600000	15.950757
736	9.920000	16.024485
737	9.600000	14.662690
738	12.800000	18.908607
739	8.640000	14.116428
740	9.280000	14.834965
741	7.680000	12.790149
742	9.920000	16.615419
743	9.920000	17.218308
744	2.560000	5.814349
745	8.960000	14.093071
746	9.600000	15.893788
747	6.400000	10.763936
748	9.280000	15.489073
749	14.720000	20.951720
750	9.920000	14.853376
751	9.920000	15.270394
752	7.040000	13.553969
753	14.080000	20.827161
754	9.600000	14.206453
755	8.640000	13.236256
756	9.600000	14.248183
757	8.960000	13.271307
758	6.400000	10.709517
759	8.320000	14.139941
760	12.480000	18.337627
761	8.640000	14.971804
762	11.840000	19.504829
763	7.360000	12.394272
764	8.000000	12.623911
765	6.720000	10.186006
766	6.400000	11.188697
767	6.720000	11.246275
768	5.440000	9.284079
769	3.200000	6.935908
770	5.120000	9.504751
771	6.400000	11.470672
772	6.080000	10.878761
773	5.440000	9.639658
774	6.720000	11.516214
775	9.600000	14.105417
776	7.360000	12.080331
777	7.040000	11.938643
778	7.680000	11.809834
779	7.680000	12.514808
780	8.320000	13.748891
781	6.720000	12.340020
782	6.720000	10.962665
783	7.360000	11.933596
784	2.240000	5.613300
785	3.200000	4.634710
786	3.840000	6.093085
787	1.600000	2.392084
788	1.920000	4.033431
789	4.160000	5.486363
790	3.200000	4.489606
791	1.920000	2.687623
792	1.920000	3.419682
793	3.840000	5.777521
794	4.480000	6.089014
795	2.880000	5.035700
796	1.600000	2.561926
797	0.960000	2.220829
798	3.840000	5.527129
799	3.840000	5.763541
800	0.640000	1.364575
801	1.280000	2.214024
802	3.520000	4.848806
803	2.240000	3.457554
804	3.200000	4.393567
805	3.200000	5.529978
806	3.520000	4.638756
807	2.240000	4.207041
808	0.000000	2.335583
809	3.840000	5.171910
810	3.200000	5.020148
811	4.160000	6.953559
812	2.880000	4.161821
813	7.360000	9.060514
814	6.400000	9.022594
815	10.560000	14.980892
816	6.400000	9.128922
817	2.880000	4.756753
818	5.440000	6.878982
819	4.800000	6.095757
820	2.240000	3.747929
821	2.880000	4.111973
822	9.600000	11.997096
823	7.680000	9.696372
824	8.000000	10.325609
825	2.240000	3.482404
826	12.800000	16.472025
827	10.240000	13.135871
828	13.120000	16.903772
829	9.920000	12.933610
830	9.920000	12.239615
831	3.840000	4.580594
832	12.480000	16.190015
833	9.600000	12.733904
834	4.160000	5.337783
835	13.120000	16.640927
836	5.760000	7.633821
837	11.200000	14.191879
838	8.640000	11.808003
839	3.200000	10.420287
840	5.120000	7.904880
841	5.120000	9.029133
842	4.160000	7.149734
843	3.520000	6.754205
844	6.400000	10.588522
845	4.800000	8.536423
846	3.840000	7.275501
847	8.640000	12.329263
848	5.440000	8.975696
849	3.520000	7.791331
850	6.400000	9.381888
851	0.640000	7.469864
852	3.840000	6.022660
853	5.120000	9.697915
854	5.760000	10.035817
855	6.720000	11.072495
856	5.120000	9.503772
857	3.200000	7.356039
858	5.440000	10.519791
859	7.680000	11.607811
860	5.760000	9.095417
861	4.160000	10.165649
862	1.280000	2.316445
863	6.080000	10.328913
864	4.160000	8.039461
865	8.000000	13.073498
866	14.080000	17.688732
867	1.600000	2.664470
868	0.960000	1.147675
869	1.600000	2.283429
870	0.960000	0.982302
871	5.120000	5.982647
872	0.000000	0.379193
873	0.640000	1.384437
874	4.160000	5.464200
875	0.000000	0.043411
876	7.040000	8.224732
877	0.960000	1.593527
878	5.120000	7.045246
879	3.200000	3.875900
880	0.320000	0.752356
881	10.240000	11.958957
882	2.240000	2.824088
883	0.320000	2.006606
884	4.800000	6.089460
885	3.520000	4.416116
886	4.800000	6.950255
887	2.560000	3.196970
888	8.640000	10.402970
889	1.600000	2.113165
890	1.600000	2.831839
891	9.280000	11.029864
892	2.240000	2.597140
893	0.000000	0.190689
894	5.440000	7.612823
895	6.720000	8.516568
896	5.760000	6.790040
897	26.560000	42.255702
898	0.640000	0.873089
899	4.160000	5.259616
900	3.200000	4.886165
901	1.280000	2.016438
902	0.320000	0.693247
903	0.320000	0.894798
904	3.520000	4.159568
905	4.480000	5.757092
906	1.280000	1.927400
907	5.760000	7.339750
908	6.720000	9.422071
909	7.040000	9.301143
910	4.160000	4.967503
911	7.360000	9.633078
912	10.560000	12.373748
913	4.480000	5.640817
914	9.280000	10.727521
915	9.280000	13.060896
916	4.480000	6.287768
917	7.360000	9.730936
918	7.040000	8.285460
919	8.000000	9.187177
920	4.800000	5.498469
921	5.120000	6.754172
922	6.720000	8.986302
923	4.160000	6.185449
924	8.000000	8.939722
925	9.920000	11.582487
926	6.720000	7.958236
927	6.400000	8.603660
928	6.080000	8.715382
929	8.640000	11.200451
930	8.000000	9.395214
931	4.800000	6.510364
932	6.080000	7.161441
933	4.480000	6.346912
934	4.160000	6.153949
935	5.120000	6.403310
936	5.760000	8.473802
937	4.160000	6.292985
938	6.720000	9.583650
939	8.320000	11.336243
940	6.400000	8.752881
941	7.680000	9.944403
942	6.080000	7.790296
943	4.160000	5.526077
944	0.960000	3.929623
945	2.560000	3.835154
946	5.760000	7.121279
947	7.680000	10.502323
948	3.520000	5.060317
949	4.480000	6.114668
950	4.800000	6.685746
951	7.360000	10.132092
952	7.360000	10.165891
953	8.000000	11.094368
954	3.200000	4.935706
955	7.040000	10.441406
956	6.720000	8.862571
957	7.680000	10.871978
958	6.720000	9.138153
959	5.120000	8.537195
960	6.720000	9.602639
961	8.000000	10.952813
962	4.480000	6.011153
963	7.040000	9.494871
964	5.760000	8.566827
965	5.120000	7.522646
966	2.240000	2.666743
967	6.720000	9.104934
968	6.400000	9.081290
969	7.040000	9.882236
970	7.040000	9.632280
971	7.040000	10.057309
972	6.080000	8.644563
973	7.360000	10.076449
974	6.720000	8.769636
975	6.720000	8.756009
976	7.360000	10.058040
977	4.800000	6.642409
978	6.720000	9.047293
979	7.680000	10.510493
980	8.640000	12.123093
981	4.800000	7.014478
982	6.080000	8.691384
983	6.720000	8.772424
984	7.040000	10.520444
985	8.640000	12.231481
986	6.400000	8.989588
987	7.360000	9.883545
988	6.080000	8.293511
989	8.640000	12.214801
990	7.360000	9.877477
991	4.800000	9.578819
992	8.000000	13.523420
993	6.080000	13.094928
994	6.720000	12.646372
995	7.360000	12.953761
996	7.360000	12.824433
997	7.040000	14.076077
998	8.000000	14.335811
999	8.320000	14.986414
1000	5.760000	10.641250
1001	7.040000	13.311350
1002	6.080000	11.440357
1003	6.080000	12.633555
1004	5.760000	11.248335
1005	4.800000	12.285483
1006	6.720000	11.902811
1007	6.400000	10.280313
1008	4.800000	11.422967
1009	5.120000	10.041590
1010	6.720000	13.311787
1011	8.320000	14.975883
1012	4.480000	10.421243
1013	9.600000	14.828169
1014	7.040000	14.180730
1015	5.760000	12.053721
1016	5.760000	13.007001
1017	4.800000	9.833424
1018	4.800000	10.860133
1019	7.680000	13.306637
1020	8.000000	14.597789
1021	7.040000	13.193080
1022	3.520000	9.427324
1023	7.040000	12.966504
1024	6.720000	12.310066
1025	7.360000	13.640502
1026	7.680000	13.585956
1027	4.800000	9.788902
1028	6.400000	10.985454
1029	6.720000	12.252277
1030	8.320000	14.699805
1031	6.720000	12.205433
1032	6.720000	12.920183
1033	9.280000	16.138285
1034	9.600000	17.271670
1035	6.400000	12.402721
1036	25.280000	34.392307
1037	5.760000	11.289082
1038	7.360000	13.101512
1039	7.680000	13.713859
1040	5.760000	11.163505
1041	7.680000	13.603534
1042	8.640000	14.467774
1043	7.680000	13.332235
1044	5.760000	10.782912
1045	5.760000	11.278520
1046	7.360000	13.292017
1047	6.720000	12.663132
1048	6.080000	12.863671
1049	6.080000	11.807467
1050	6.720000	12.864620
1051	7.360000	13.794578
1052	6.400000	11.618606
1053	8.640000	15.955283
1054	6.720000	13.285815
1055	7.360000	13.886146
1056	7.040000	13.641821
1057	5.760000	10.996609
1058	11.520000	16.925179
1059	9.280000	13.073972
1060	8.320000	13.857004
