No.	Z Error(mm)	3D Error
1	1.600000	113.183391
2	8.000000	112.993557
3	5.760000	104.691470
4	5.120000	98.856021
5	4.480000	93.782464
6	29.440000	118.018684
7	17.600000	111.905593
8	13.760000	110.223835
9	8.000000	100.950423
10	18.240000	113.153421
11	6.080000	100.109270
12	8.960000	98.516781
13	8.960000	109.030445
14	11.520000	114.349325
15	20.480000	111.668857
16	28.480000	127.542414
17	7.360000	110.007844
18	13.760000	114.574349
19	9.600000	104.618732
20	8.000000	106.780539
21	3.200000	98.940236
22	3.200000	99.519404
23	3.840000	98.469864
24	5.440000	103.074970
25	4.800000	100.854146
26	4.800000	96.652860
27	1.600000	88.569565
28	3.200000	89.407927
29	24.640000	112.877546
30	9.920000	104.116440
31	0.640000	94.986038
32	0.640000	96.380892
33	8.640000	94.978386
34	4.800000	95.314807
35	4.800000	105.626297
36	4.480000	102.451745
37	6.400000	98.108384
38	6.720000	99.611390
39	6.720000	99.329148
40	2.880000	93.324221
41	23.680000	107.944224
42	0.640000	89.936459
43	1.600000	92.063711
44	15.360000	115.814805
45	19.840000	119.165248
46	7.360000	101.424380
47	3.840000	98.225804
48	10.560000	99.456550
49	10.560000	98.884083
50	0.320000	103.867232
51	3.520000	103.220925
52	16.960000	115.324478
53	9.600000	110.640413
54	12.480000	105.123076
55	11.520000	104.528705
56	7.360000	101.974748
57	3.200000	101.621794
58	1.600000	101.859721
59	9.600000	113.523568
60	6.720000	96.266476
61	10.240000	103.484576
62	8.640000	105.063429
63	7.360000	89.715938
64	1.920000	85.713650
65	0.320000	101.566367
66	8.000000	105.009624
67	3.840000	94.597891
68	2.880000	93.569412
69	5.760000	102.655925
70	4.160000	102.361489
71	0.960000	97.890836
72	1.600000	100.124614
73	17.920000	102.090719
74	8.960000	95.299599
75	5.440000	103.721377
76	13.120000	107.800200
77	21.440000	127.588594
78	17.280000	118.806639
79	9.280000	96.307024
80	10.880000	98.794313
81	15.680000	108.025253
82	8.000000	99.293433
83	12.480000	105.481548
84	17.600000	98.120250
85	3.840000	102.395991
86	9.600000	107.504104
87	5.440000	95.655335
88	4.480000	96.629558
89	39.360000	124.712923
90	22.400000	116.153196
91	5.120000	100.459490
92	7.040000	92.160102
93	4.480000	92.108337
94	0.320000	93.853466
95	3.200000	96.897888
96	15.040000	109.209756
97	11.520000	106.180648
98	1.280000	92.300942
99	2.560000	90.273368
100	9.280000	96.386783
101	0.960000	93.518849
102	1.920000	101.134371
103	5.120000	99.596517
104	1.280000	99.916146
105	3.520000	105.408847
106	7.680000	109.505144
107	13.440000	114.381301
108	3.520000	100.257603
109	4.160000	94.710700
110	30.080000	119.509559
111	2.240000	101.809348
112	0.640000	97.986511
113	6.080000	104.967607
114	1.920000	85.207682
115	9.280000	94.389151
116	12.480000	103.169826
117	11.520000	97.943343
118	8.320000	99.183395
119	4.480000	102.527181
120	4.480000	95.140338
121	4.800000	94.019715
122	2.880000	107.332596
123	7.040000	110.083940
124	0.320000	96.691096
125	3.840000	88.801660
126	12.480000	104.619514
127	7.040000	108.360694
128	1.280000	104.801012
129	1.920000	99.342191
130	0.960000	98.368369
131	2.880000	96.679046
132	1.600000	97.733042
133	1.600000	99.770778
134	6.080000	101.948532
135	4.800000	101.473878
136	3.520000	79.500545
137	6.080000	93.549573
138	9.920000	102.060035
139	4.480000	100.964741
140	4.480000	98.755032
141	11.200000	105.697442
142	14.400000	98.790377
143	9.920000	104.218431
144	9.280000	98.469941
145	5.120000	100.034516
146	8.320000	106.811692
147	11.840000	105.445144
148	12.480000	108.228301
149	7.680000	104.968346
150	1.600000	96.359308
151	18.240000	111.568894
152	13.440000	109.642832
153	19.840000	110.377385
154	14.080000	104.171827
155	4.480000	100.782945
156	3.840000	103.402558
157	5.760000	101.323038
158	9.280000	99.940499
159	7.040000	95.120241
160	4.480000	93.836611
161	1.920000	103.602985
162	0.640000	100.432234
163	0.960000	99.470037
164	2.880000	100.912761
165	1.600000	102.349773
166	1.280000	101.121606
167	0.000000	102.375398
168	0.320000	101.385898
169	1.600000	100.296032
170	0.640000	103.139804
171	5.120000	100.662492
172	4.480000	100.128917
173	0.320000	99.882755
174	11.840000	101.284920
175	1.920000	100.139153
176	1.600000	101.251919
177	0.960000	98.911728
178	1.600000	102.354958
179	4.160000	103.515241
180	0.960000	101.314564
181	0.320000	98.484492
182	10.880000	100.992884
183	0.960000	102.224681
184	4.160000	97.616855
185	1.920000	100.056333
186	1.280000	99.750388
187	0.320000	99.759263
188	4.480000	97.502058
189	5.120000	98.766004
190	4.800000	97.934632
191	2.560000	97.432252
192	2.880000	96.650330
193	0.320000	103.708920
194	0.640000	96.610463
195	1.920000	97.982549
196	1.600000	97.557913
197	5.120000	97.283433
198	4.800000	97.163375
199	0.320000	97.674303
200	5.120000	101.568865
201	0.960000	97.822494
202	1.920000	95.792119
203	0.960000	97.854384
204	7.040000	103.531129
205	0.000000	96.460138
206	0.320000	98.130785
207	1.280000	97.034867
208	0.320000	94.834295
209	1.600000	98.013224
210	9.920000	105.711122
211	8.320000	96.694426
212	4.800000	98.081626
213	0.320000	97.303113
214	0.960000	97.823176
215	3.520000	97.212615
216	3.200000	97.645486
217	3.840000	99.121939
218	1.600000	96.899569
219	0.320000	97.965963
220	17.280000	109.783768
221	1.920000	95.156965
222	8.640000	97.264270
223	4.480000	96.800532
224	1.920000	96.409037
225	5.760000	100.465261
226	1.600000	98.579779
227	4.160000	100.322762
228	4.480000	97.126837
229	0.320000	96.900627
230	5.760000	96.266243
231	11.840000	99.656584
232	10.880000	100.495865
233	11.840000	100.335499
234	9.600000	98.192509
235	10.240000	102.313751
236	13.120000	102.252431
237	7.360000	95.954727
238	4.480000	96.868746
239	1.280000	96.520743
240	1.280000	96.794063
241	1.600000	96.403625
242	11.200000	98.771870
243	2.240000	100.089745
244	2.560000	99.919860
245	8.320000	101.637722
246	6.400000	100.547185
247	10.880000	98.564574
248	8.320000	98.610343
249	5.440000	100.719687
250	7.360000	99.510273
251	5.760000	98.598486
252	11.200000	99.868761
253	5.760000	100.472558
254	8.320000	98.757226
255	10.240000	103.007651
256	8.640000	102.563252
257	5.120000	100.489173
258	8.000000	98.184769
259	2.240000	100.242265
260	0.640000	97.430682
261	0.640000	97.995134
262	3.840000	98.344835
263	1.600000	98.164344
264	11.520000	100.959964
265	3.840000	98.907676
266	13.760000	101.922672
267	5.760000	98.055531
268	2.240000	99.159790
269	2.880000	94.773876
270	8.960000	97.867987
271	7.040000	99.351988
272	12.480000	101.073191
273	3.520000	97.629871
274	6.400000	98.295884
275	0.640000	98.263919
276	0.320000	99.465718
277	1.600000	98.685321
278	4.480000	97.486058
279	10.560000	98.944832
280	3.520000	98.736459
281	1.600000	98.146892
282	4.160000	98.743940
283	5.440000	97.467941
284	6.720000	98.317957
285	9.280000	99.733659
286	1.280000	98.701606
287	1.280000	97.450406
288	4.480000	97.420438
289	2.880000	99.110388
290	3.520000	99.698160
291	4.800000	98.399840
292	4.480000	95.490036
293	1.600000	96.218099
294	3.520000	99.957851
295	2.240000	96.508972
296	3.840000	101.070519
297	0.000000	99.102789
298	0.640000	98.824430
299	0.000000	97.448871
300	0.320000	97.725491
301	10.240000	100.594263
302	5.440000	96.985918
303	5.120000	97.721307
304	8.640000	102.240608
305	7.040000	104.171457
306	8.640000	101.963989
307	10.880000	103.697494
308	6.400000	102.156035
309	4.800000	100.998730
310	16.000000	117.344523
311	17.600000	105.935654
312	13.120000	100.981678
313	15.040000	105.143957
314	19.520000	101.417594
315	9.280000	104.404340
316	16.320000	106.918608
317	16.320000	108.793030
318	13.760000	103.788119
319	19.520000	104.359422
320	14.400000	101.894565
321	13.760000	105.459990
322	11.520000	103.447906
323	8.640000	105.503046
324	7.680000	91.901743
325	6.720000	93.073499
326	7.040000	102.324372
327	4.800000	106.549226
328	6.720000	102.093605
329	12.160000	106.696691
330	16.960000	109.788820
331	13.120000	105.406195
332	9.600000	104.582698
333	11.200000	100.755310
334	8.320000	104.022606
335	8.960000	106.724690
336	6.400000	103.731247
337	7.680000	106.428459
338	11.200000	106.262076
339	14.080000	106.784377
340	4.480000	101.725673
341	8.320000	104.975159
342	5.120000	102.285275
343	11.520000	106.001851
344	10.560000	105.870272
345	9.600000	105.000974
346	18.240000	106.695198
347	9.920000	105.705012
348	3.520000	99.440164
349	10.560000	108.779948
350	9.280000	100.817521
351	7.040000	101.899222
352	2.880000	99.328142
353	15.360000	92.367866
354	8.320000	93.421886
355	8.000000	91.720095
356	3.840000	92.291956
357	6.080000	90.806105
358	3.840000	91.266584
359	2.560000	90.834160
360	4.800000	91.867336
361	9.280000	94.309984
362	12.160000	92.931342
363	3.200000	89.651862
364	4.480000	90.216733
365	10.240000	91.314383
366	18.240000	92.428150
367	6.080000	92.299260
368	8.960000	92.835575
369	1.600000	91.206047
370	9.920000	92.996274
371	7.680000	90.677893
372	7.040000	90.787231
373	2.880000	90.919467
374	4.480000	89.822578
375	7.680000	92.194575
376	6.400000	88.785595
377	1.920000	92.072659
378	3.840000	92.129934
379	5.760000	90.273135
380	12.800000	92.116139
381	4.800000	92.018541
382	3.840000	90.550931
383	4.800000	89.449048
384	29.120000	109.924614
385	5.760000	89.790899
386	3.840000	89.178572
387	8.320000	88.780521
388	10.240000	93.484208
389	7.680000	89.354572
390	4.160000	93.008028
391	1.600000	89.492393
392	5.760000	91.448374
393	4.160000	92.279108
394	1.600000	89.721466
395	8.000000	93.842553
396	5.120000	87.243392
397	2.240000	91.704903
398	6.400000	87.949999
399	2.560000	90.685875
400	1.920000	90.116585
401	2.560000	90.966674
402	6.400000	88.703488
403	14.080000	94.345689
404	4.160000	89.724519
405	18.240000	94.787475
406	6.400000	92.530811
407	0.960000	90.845359
408	3.200000	91.332997
409	1.600000	93.268554
410	6.400000	92.155262
411	9.280000	91.908057
412	7.360000	90.304114
413	0.640000	88.398446
414	3.200000	90.676732
415	6.080000	92.128322
416	4.480000	89.636365
417	8.000000	92.230104
418	8.320000	94.158251
419	9.920000	92.133389
420	13.760000	93.806446
421	2.880000	90.608851
422	9.600000	91.151806
423	2.880000	87.851788
424	9.920000	89.730479
425	2.560000	85.287266
426	3.840000	90.448642
427	9.920000	92.387884
428	5.120000	90.047049
429	5.760000	88.910171
430	11.840000	90.601410
431	6.400000	92.720645
432	4.480000	90.890445
433	2.880000	94.339756
434	2.880000	100.792070
435	5.760000	95.697265
436	1.280000	93.529907
437	5.120000	94.587718
438	3.840000	94.911633
439	5.120000	95.095127
440	7.360000	97.549172
441	5.120000	95.245699
442	6.400000	94.961157
443	0.640000	94.168453
444	0.640000	95.064008
445	1.280000	95.374252
446	11.200000	95.576927
447	2.560000	93.941560
448	3.840000	92.463283
449	3.520000	95.104469
450	5.760000	91.341174
451	3.200000	97.149542
452	0.640000	94.729935
453	5.440000	95.850220
454	4.800000	96.795536
455	5.760000	95.705679
456	7.040000	92.959222
457	6.720000	94.356070
458	2.240000	94.174467
459	1.280000	93.876838
460	0.960000	93.935598
461	2.880000	93.276678
462	3.520000	93.186012
463	1.280000	93.799942
464	6.080000	93.009398
465	3.840000	95.766232
466	1.920000	95.137949
467	4.160000	94.779101
468	1.280000	95.685217
469	1.600000	94.318651
470	3.840000	96.873572
471	0.960000	93.095796
472	2.240000	93.076130
473	0.640000	92.414052
474	2.880000	94.541944
475	2.240000	94.064969
476	4.480000	94.529417
477	4.480000	95.730607
478	4.800000	93.336901
479	0.000000	94.903960
480	8.320000	93.730906
481	2.240000	92.736551
482	1.280000	93.785385
483	3.520000	94.662236
484	3.200000	95.307839
485	3.840000	94.977684
486	4.800000	92.504736
487	0.320000	95.636781
488	0.320000	93.507614
489	0.640000	95.358945
490	3.520000	94.506592
491	7.040000	93.745500
492	2.560000	94.310017
493	6.080000	94.112823
494	13.120000	109.167647
495	4.160000	105.469379
496	7.680000	106.891214
497	14.080000	109.694207
498	7.040000	108.583675
499	7.680000	105.269582
500	2.240000	104.603570
501	4.800000	108.045197
502	10.240000	105.848184
503	7.040000	103.585445
504	9.920000	108.684310
505	7.680000	103.616188
506	9.600000	106.514971
507	11.200000	108.020825
508	3.200000	102.527175
509	7.680000	104.555486
510	6.720000	106.523299
511	4.800000	107.132150
512	7.680000	105.360150
513	2.880000	105.284009
514	20.160000	112.000459
515	7.680000	106.596317
516	4.480000	103.978379
517	11.520000	105.348766
518	5.760000	106.685273
519	4.160000	107.498760
520	5.760000	107.326725
521	7.040000	107.386295
522	2.560000	104.706379
523	11.840000	108.218023
524	9.280000	107.401849
525	5.440000	100.739439
526	1.600000	101.819925
527	4.160000	100.498379
528	2.240000	92.493811
529	6.720000	102.279362
530	3.840000	99.664478
531	0.320000	100.013921
532	0.640000	90.680858
533	6.080000	93.039615
534	2.880000	92.150685
535	2.560000	95.013152
536	2.560000	88.216132
537	4.800000	91.707620
538	0.960000	92.580887
539	6.080000	99.422076
540	4.800000	89.908103
541	4.480000	92.763892
542	0.640000	94.418405
543	2.240000	93.113136
544	4.160000	92.078136
545	8.320000	89.452018
546	0.000000	92.809371
547	2.560000	91.267712
548	0.960000	94.467219
549	6.080000	89.036630
550	2.560000	92.707523
551	0.640000	92.270849
552	0.640000	93.193661
553	0.000000	92.387762
554	1.280000	92.552799
555	2.240000	92.545887
556	3.200000	90.054867
557	1.920000	92.357425
558	0.640000	89.233915
559	2.560000	92.467999
560	4.160000	90.743989
561	2.560000	95.581176
562	1.600000	95.966113
563	0.000000	92.526239
564	3.200000	88.528484
565	0.000000	90.640367
566	12.160000	93.207624
567	1.280000	91.874109
568	1.920000	91.664323
569	4.800000	92.494197
570	2.880000	88.611694
571	8.640000	92.678879
572	3.200000	93.016089
573	3.840000	94.362695
574	6.400000	93.546004
575	2.880000	94.868012
576	6.720000	92.289770
577	10.240000	92.473190
578	6.720000	94.280202
579	3.200000	92.423946
580	8.640000	93.807176
581	2.560000	91.828208
582	0.320000	93.639631
583	6.720000	92.286518
584	9.280000	91.836995
585	2.240000	87.943830
586	4.160000	95.020500
587	2.880000	90.655525
588	11.520000	111.503897
589	8.640000	102.730833
590	6.720000	105.029404
591	9.920000	109.695565
592	8.640000	111.229973
593	10.560000	103.206124
594	10.560000	105.223296
595	11.840000	108.173798
596	14.080000	109.393930
597	11.840000	110.452757
598	11.520000	110.403810
599	13.440000	112.350964
600	9.920000	106.127031
601	10.560000	107.930749
602	0.320000	101.512978
603	11.520000	106.460590
604	8.640000	107.184567
605	12.800000	111.043544
606	6.080000	108.295066
607	10.880000	103.894249
608	7.360000	105.402949
609	4.160000	110.025943
610	12.800000	113.251130
611	8.320000	105.304264
612	13.120000	111.067494
613	9.280000	109.760181
614	7.680000	104.032191
615	7.680000	104.715010
616	10.560000	110.203936
617	17.600000	113.006727
618	17.280000	111.554033
619	14.400000	112.054557
620	10.880000	110.293591
621	30.400000	117.938140
622	21.120000	113.867222
623	14.720000	109.950449
624	22.080000	113.376183
625	20.160000	113.074478
626	17.600000	114.185358
627	22.400000	113.805701
628	17.280000	112.168672
629	18.880000	112.896908
630	12.800000	110.638075
631	18.880000	114.814341
632	15.680000	111.309055
633	16.960000	115.593508
634	14.080000	112.567349
635	21.440000	112.618339
636	27.200000	114.868990
637	20.160000	114.182062
638	32.320000	116.026394
639	20.480000	113.556694
640	19.520000	111.524232
641	18.560000	112.987024
642	30.400000	116.504928
643	30.080000	116.889872
644	26.880000	115.411073
645	20.800000	115.648632
646	26.560000	116.149865
647	20.480000	111.724267
648	19.520000	115.260391
649	19.200000	112.680559
650	23.040000	113.395024
651	33.280000	118.369390
652	34.880000	119.568388
653	22.400000	112.998575
654	26.880000	115.596379
655	25.600000	116.585900
656	15.680000	106.847701
657	26.240000	115.306080
658	27.200000	115.263801
659	26.240000	115.718754
660	26.880000	115.291296
661	17.280000	113.849499
662	23.040000	112.782200
663	18.560000	112.835281
664	21.440000	113.103588
665	27.200000	114.097098
666	29.120000	115.318607
667	33.600000	118.263327
668	21.760000	114.459421
669	22.720000	113.780293
670	23.040000	114.112241
671	19.840000	113.848382
672	25.600000	115.152644
673	22.720000	114.334417
674	19.840000	112.651006
675	13.120000	111.530137
676	28.160000	116.292056
677	33.920000	118.976662
678	21.440000	112.546355
679	17.600000	114.311880
680	22.720000	114.646956
681	18.880000	113.334544
682	24.320000	114.721761
683	19.840000	113.198432
684	36.160000	119.281563
685	19.520000	111.988967
686	26.560000	115.944652
687	39.040000	119.173648
688	28.160000	116.405186
689	20.800000	113.371782
690	30.080000	117.165306
691	29.120000	114.924168
692	34.560000	117.488580
693	22.080000	114.432874
694	35.200000	119.280944
695	24.000000	114.544557
696	26.880000	115.838242
697	14.720000	108.859871
698	24.320000	115.820399
699	19.200000	113.607767
700	28.800000	114.340275
701	26.560000	114.971080
702	22.720000	114.527370
703	21.120000	115.155654
704	18.880000	112.647709
705	8.000000	106.414017
706	8.640000	107.235424
707	11.200000	109.119399
708	8.960000	107.843200
709	15.680000	109.852486
710	11.840000	105.006958
711	9.280000	106.209140
712	8.320000	106.725046
713	4.800000	106.443572
714	8.320000	108.771549
715	10.560000	106.235203
716	8.320000	105.315433
717	8.000000	106.017281
718	11.200000	108.205486
719	7.040000	104.435310
720	8.640000	106.836558
721	5.440000	105.907135
722	20.480000	113.468329
723	8.320000	107.623112
724	13.440000	110.059658
725	8.640000	107.669807
726	10.240000	108.376795
727	1.600000	106.910534
728	4.800000	105.537675
729	7.360000	108.523100
730	12.800000	111.205609
731	9.280000	107.753438
732	11.520000	108.346165
733	6.720000	107.756507
734	8.000000	109.718724
735	12.800000	110.000480
736	9.600000	107.904440
737	12.160000	108.830338
738	13.440000	110.129282
739	8.960000	108.281551
740	11.200000	108.688404
741	8.960000	107.850567
742	9.920000	108.721858
743	8.960000	105.501972
744	0.960000	98.724490
745	9.280000	109.636147
746	9.600000	105.045453
747	6.720000	100.300837
748	8.960000	107.566745
749	17.280000	112.301498
750	8.960000	109.140799
751	9.920000	107.772999
752	6.400000	105.716631
753	14.080000	111.142024
754	12.800000	110.544700
755	10.560000	104.609870
756	15.040000	108.094554
757	9.920000	108.459582
758	6.400000	104.788093
759	12.800000	108.860798
760	13.440000	106.424116
761	8.000000	106.617796
762	15.680000	109.266848
763	8.000000	104.524934
764	11.520000	103.012639
765	9.600000	105.445450
766	5.760000	106.095747
767	8.320000	104.120903
768	6.400000	102.483766
769	3.200000	102.758381
770	2.560000	102.718708
771	5.760000	102.717786
772	6.720000	105.651654
773	8.640000	103.040683
774	7.680000	103.504372
775	10.560000	104.601868
776	5.120000	104.155884
777	7.360000	104.439731
778	9.920000	103.739090
779	9.280000	105.389038
780	8.960000	106.184921
781	8.320000	104.243229
782	7.040000	103.002740
783	10.240000	104.153530
784	5.120000	105.976683
785	3.840000	93.581372
786	6.720000	95.279018
787	7.360000	89.441688
788	3.840000	89.629237
789	8.000000	94.464389
790	4.160000	94.576763
791	7.360000	92.221027
792	0.640000	89.731955
793	2.560000	88.761852
794	0.960000	87.898780
795	1.920000	89.814662
796	1.280000	94.209429
797	1.920000	91.723279
798	0.320000	87.490055
799	2.240000	86.192197
800	4.480000	90.880516
801	5.440000	92.738125
802	7.040000	95.556288
803	2.880000	90.935142
804	5.120000	88.105162
805	4.160000	88.857120
806	9.600000	94.528774
807	3.520000	92.377559
808	0.960000	92.546802
809	5.120000	95.190792
810	7.360000	95.340754
811	5.440000	96.162411
812	3.520000	100.907633
813	10.240000	104.491578
814	7.040000	103.390277
815	13.120000	108.303598
816	4.160000	105.182001
817	7.360000	101.929575
818	5.120000	103.306669
819	6.400000	103.245234
820	0.640000	102.367891
821	3.840000	104.085946
822	16.000000	106.872579
823	12.160000	104.021337
824	9.280000	104.698799
825	4.800000	104.109883
826	13.760000	108.643025
827	7.680000	107.012954
828	19.200000	110.514437
829	10.560000	107.839192
830	11.520000	105.441824
831	1.600000	97.918428
832	13.440000	110.678081
833	11.840000	106.987919
834	5.440000	102.698904
835	10.560000	109.974868
836	11.840000	106.450018
837	16.640000	109.773868
838	8.960000	106.832514
839	0.000000	83.629955
840	5.440000	97.533962
841	9.600000	98.503020
842	9.280000	98.755037
843	7.680000	97.955796
844	7.360000	98.851138
845	6.720000	98.652941
846	6.400000	99.424886
847	2.560000	101.743792
848	7.680000	99.387679
849	3.200000	98.849676
850	5.440000	99.223395
851	2.560000	99.146245
852	6.720000	96.828087
853	5.440000	101.156061
854	5.120000	99.769240
855	6.400000	100.423230
856	4.480000	100.176749
857	5.120000	96.151809
858	6.080000	99.839211
859	10.560000	101.446745
860	7.360000	99.529406
861	5.760000	100.565650
862	5.440000	96.259871
863	5.120000	99.899471
864	6.080000	99.838520
865	9.920000	101.911265
866	21.120000	108.450955
867	4.800000	98.234567
868	0.640000	97.028052
869	9.920000	95.764777
870	0.320000	97.024869
871	0.960000	99.076088
872	1.920000	97.146609
873	5.120000	97.825098
874	6.080000	95.988117
875	0.320000	96.044542
876	13.440000	100.395888
877	8.640000	97.142046
878	0.640000	100.866622
879	1.920000	95.965126
880	2.880000	96.213697
881	13.440000	102.003071
882	3.200000	97.357265
883	2.560000	96.622300
884	9.600000	100.324008
885	7.680000	96.891395
886	5.760000	99.405923
887	5.120000	96.603329
888	10.880000	101.377063
889	3.840000	98.558492
890	4.480000	97.376934
891	14.720000	103.276152
892	1.920000	98.920124
893	2.560000	95.828327
894	5.440000	100.599408
895	6.400000	102.278262
896	0.960000	99.375375
