No.	Z Error(mm)	3D Error
1	0.320000	25.121018
2	9.920000	20.517155
3	8.000000	20.266557
4	2.560000	5.069216
5	0.960000	1.894293
6	3.840000	6.012916
7	5.440000	8.074423
8	14.400000	23.356660
9	4.800000	5.575936
10	11.520000	16.410473
11	10.560000	19.398314
12	11.200000	18.308493
13	8.960000	17.635899
14	9.280000	17.204657
15	5.760000	8.515281
16	7.040000	8.677911
17	3.200000	4.250606
18	11.840000	18.854046
19	7.040000	9.834859
20	12.480000	21.247503
21	0.320000	14.803185
22	11.200000	17.119856
23	8.000000	10.162876
24	13.120000	19.603179
25	4.800000	13.832199
26	1.600000	12.195850
27	4.160000	5.935213
28	2.880000	5.716254
29	9.600000	12.340015
30	13.440000	15.820403
31	7.360000	15.977360
32	9.600000	20.438733
33	2.880000	10.573377
34	2.240000	10.412281
35	4.480000	5.855312
36	2.240000	3.937529
37	7.360000	12.232290
38	7.040000	12.136052
39	8.000000	15.011971
40	4.160000	8.142045
41	4.160000	7.434728
42	4.160000	5.550768
43	12.800000	21.295336
44	11.200000	16.020617
45	6.400000	8.380103
46	6.720000	11.807854
47	2.560000	3.865865
48	10.560000	17.249761
49	3.520000	5.170407
50	1.280000	1.751195
51	0.320000	0.886138
52	13.120000	18.794562
53	15.680000	22.369467
54	5.120000	9.574625
55	9.280000	14.722982
56	8.000000	12.016677
57	12.480000	16.238539
58	12.160000	15.843006
59	10.240000	19.685379
60	0.640000	1.515036
61	12.480000	16.958345
62	11.200000	16.838482
63	9.600000	12.776953
64	4.160000	11.504698
65	8.000000	13.633386
66	2.880000	4.801221
67	11.520000	19.366834
68	9.600000	15.172284
69	11.200000	17.981846
70	10.880000	18.163154
71	13.760000	20.404483
72	2.560000	3.424051
73	0.320000	0.821207
74	8.960000	14.041142
75	12.800000	20.415179
76	3.200000	4.233950
77	14.080000	18.340675
78	11.840000	15.272795
79	5.760000	9.280139
80	12.160000	21.449562
81	5.440000	9.469220
82	6.080000	7.359385
83	3.200000	4.009377
84	4.800000	5.822787
85	10.240000	15.350415
86	11.200000	18.593338
87	4.800000	9.077981
88	7.680000	16.899324
89	8.640000	12.355146
90	12.160000	16.308097
91	10.560000	14.846625
92	11.840000	17.216798
93	11.200000	17.326862
94	1.600000	1.789787
95	0.640000	1.407465
96	8.640000	13.466521
97	10.560000	15.403089
98	4.160000	4.957569
99	11.840000	17.051165
100	1.280000	3.119216
101	4.800000	6.106073
102	9.280000	17.807313
103	11.520000	19.968191
104	13.760000	24.765157
105	16.320000	25.965857
106	0.640000	1.064867
107	15.360000	22.432260
108	12.160000	21.079951
109	11.840000	22.797782
110	9.920000	16.337814
111	2.560000	3.284497
112	7.680000	18.019771
113	2.240000	4.243520
114	8.320000	13.697036
115	7.680000	12.888469
116	11.840000	16.561403
117	12.160000	16.727806
118	9.920000	15.501268
119	10.880000	16.644791
120	12.480000	16.709984
121	1.600000	2.354669
122	0.960000	1.173302
123	11.840000	19.135313
124	4.480000	4.973914
125	1.280000	1.600597
126	1.920000	10.631591
127	6.080000	8.139849
128	6.400000	9.136045
129	4.800000	5.216867
130	15.680000	21.766462
131	14.400000	23.157973
132	12.800000	20.002194
133	10.880000	17.258540
134	5.760000	9.671349
135	7.680000	12.356830
136	9.600000	12.344420
137	13.120000	18.741114
138	4.800000	6.819636
139	2.880000	4.385118
140	2.560000	3.228132
141	8.640000	16.356749
142	4.480000	5.159607
143	8.960000	9.653714
144	8.000000	20.571487
145	9.280000	17.140222
146	0.320000	0.676544
147	1.600000	2.450632
148	17.600000	23.911217
149	6.720000	12.774146
150	9.280000	17.611070
151	1.920000	10.207858
152	2.240000	10.792715
153	3.200000	3.879666
154	1.600000	2.319152
155	8.320000	11.943943
156	9.920000	14.726386
157	0.640000	15.152604
158	2.560000	5.159946
159	11.840000	16.157411
160	11.840000	15.752676
161	0.000000	0.741769
162	0.960000	1.241874
163	0.320000	0.981651
164	0.320000	1.076115
165	2.240000	3.059601
166	2.560000	3.146304
167	0.320000	0.572322
168	0.000000	1.838238
169	0.320000	0.914043
170	11.200000	18.938803
171	10.240000	15.204382
172	11.520000	18.701542
173	0.000000	0.488997
174	11.840000	18.224675
175	12.480000	17.989570
176	9.920000	16.119736
177	13.120000	19.754274
178	0.640000	1.085323
179	10.240000	17.843008
180	11.840000	19.305082
181	0.640000	0.986167
182	6.400000	13.126518
183	14.080000	21.239707
184	2.880000	3.702001
185	0.320000	0.574237
186	13.440000	20.777437
187	2.240000	3.019632
188	11.840000	19.125604
189	0.640000	1.276032
190	11.840000	15.227247
191	13.440000	21.408168
192	7.680000	12.432999
193	12.480000	20.073366
194	12.800000	19.090673
195	13.120000	19.591879
196	13.120000	20.956085
197	10.240000	16.551022
198	13.440000	20.092809
199	12.800000	18.355783
200	9.920000	16.203147
201	13.120000	19.231563
202	0.000000	1.571767
203	0.960000	1.186611
204	7.680000	15.159105
205	0.320000	0.519684
206	11.840000	18.582349
207	12.480000	18.804082
208	13.120000	18.394054
209	14.080000	20.183616
210	10.240000	15.304149
211	8.640000	15.538530
212	15.040000	23.540252
213	0.320000	1.452193
214	11.520000	18.686443
215	12.480000	20.130280
216	11.200000	17.998909
217	12.160000	20.365446
218	12.800000	20.027716
219	11.840000	17.927758
220	6.400000	9.495526
221	2.560000	11.083946
222	6.080000	9.319462
223	3.200000	4.519680
224	10.560000	14.142034
225	7.360000	10.568285
226	6.080000	8.097625
227	1.920000	16.039298
228	8.000000	11.831221
229	11.520000	17.755042
230	6.400000	8.597540
231	2.560000	3.194713
232	1.280000	9.747914
233	6.400000	8.642468
234	11.840000	24.138871
235	3.520000	4.242613
236	5.440000	7.256944
237	6.720000	9.254920
238	8.640000	12.202953
239	9.280000	12.497246
240	7.360000	10.394219
241	5.440000	7.386496
242	4.800000	6.941248
243	9.600000	13.501370
244	8.640000	12.657346
245	6.400000	9.149076
246	9.920000	15.205155
247	1.280000	4.290253
248	0.960000	2.131505
249	4.160000	14.768679
250	2.880000	15.325498
251	7.040000	9.752964
252	5.440000	8.339319
253	6.720000	9.802109
254	4.800000	6.924230
255	5.120000	14.583774
256	0.640000	11.983375
257	6.080000	8.912064
258	2.880000	8.598967
259	6.720000	9.694834
260	8.000000	12.049471
261	6.720000	9.458290
262	4.800000	6.867094
263	8.000000	11.985388
264	6.080000	8.415365
265	6.080000	10.219091
266	4.480000	7.388887
267	3.520000	5.807766
268	7.360000	11.328320
269	7.680000	14.060109
270	3.840000	6.513964
271	5.760000	9.125551
272	3.520000	12.873717
273	6.720000	8.800159
274	5.440000	7.107421
275	8.320000	11.911682
276	4.800000	9.068056
277	6.080000	8.574419
278	4.800000	6.115713
279	2.240000	3.257693
280	0.320000	2.185111
281	6.400000	9.127177
282	4.160000	5.798829
283	4.160000	5.739461
284	3.840000	5.305463
285	3.200000	4.053638
286	1.600000	2.417171
287	8.000000	11.456427
288	6.400000	8.586158
289	2.240000	3.290602
290	0.640000	1.753611
291	5.760000	7.791341
292	1.280000	2.105911
293	7.360000	10.419070
294	5.120000	6.787367
295	5.440000	7.555890
296	6.080000	8.054793
297	0.640000	1.223148
298	6.720000	9.138637
299	7.040000	9.876458
300	0.320000	0.735913
301	3.200000	4.764837
302	8.640000	17.746153
303	16.320000	24.485411
304	2.560000	3.684660
305	16.320000	26.108826
306	2.880000	4.231737
307	0.000000	0.684887
308	2.880000	4.186552
309	1.280000	1.891158
310	1.920000	12.418209
311	6.720000	8.798761
312	1.600000	2.011695
313	1.920000	2.525986
314	10.240000	15.840669
315	13.440000	23.799771
316	3.520000	4.444693
317	17.920000	25.985895
318	3.520000	6.267564
319	11.520000	17.464048
320	16.960000	23.394442
321	12.800000	20.072847
322	17.600000	27.416712
323	17.280000	26.571618
324	2.560000	3.974493
325	0.320000	1.535495
326	0.960000	2.515345
327	0.640000	2.322301
328	7.040000	11.077161
329	0.640000	2.125775
330	6.720000	12.136533
331	9.280000	13.667353
332	1.280000	2.355747
333	0.320000	2.006659
334	0.960000	1.829712
335	2.560000	4.310634
336	0.320000	1.246543
337	0.640000	2.045967
338	1.280000	2.943927
339	0.960000	3.523009
340	1.280000	2.682103
341	1.920000	3.268487
342	0.000000	1.503771
343	1.280000	2.483315
344	2.240000	3.925068
345	1.280000	3.262623
346	8.640000	12.489007
347	2.880000	4.269133
348	3.840000	15.822390
349	1.920000	3.339098
350	2.880000	4.010930
351	2.560000	4.547591
352	1.600000	3.605406
353	0.960000	2.553827
354	0.000000	0.114436
355	0.000000	1.348826
356	0.640000	1.863364
357	5.440000	13.245134
358	1.280000	1.713067
359	5.120000	12.075873
360	4.480000	13.318623
361	3.200000	12.424764
362	6.400000	11.372259
363	0.640000	1.088562
364	0.640000	1.784934
365	1.920000	3.419190
366	5.440000	7.165330
367	3.840000	12.226230
368	1.920000	3.997222
369	0.640000	3.784236
370	3.200000	4.343386
371	0.960000	12.744790
372	3.520000	13.559819
373	3.200000	11.757696
374	2.560000	3.379584
375	4.800000	12.603085
376	5.440000	11.816484
377	3.840000	11.604139
378	4.800000	11.086787
379	5.120000	12.683062
380	5.120000	12.309419
381	1.600000	2.015603
382	2.560000	11.995219
383	4.160000	6.526762
384	3.840000	10.748035
385	1.600000	2.524952
386	1.600000	2.967773
387	2.240000	2.977677
388	4.480000	13.045264
389	6.080000	11.563165
390	5.120000	12.444676
391	1.600000	10.238887
392	3.840000	13.148700
393	0.640000	1.504879
394	1.920000	3.049523
395	3.840000	6.139315
396	1.600000	2.593385
397	0.000000	0.209134
398	4.160000	6.573983
399	0.960000	1.681352
400	1.600000	2.822598
401	1.280000	1.997160
402	1.280000	2.611799
403	1.600000	2.646542
404	0.320000	1.852046
405	4.480000	8.034802
406	3.200000	5.229799
407	0.640000	1.588005
408	1.280000	1.812820
409	3.200000	4.766646
410	0.320000	0.687674
411	1.280000	2.523933
412	1.600000	1.930715
413	8.000000	11.025184
414	0.960000	1.837000
415	1.280000	1.933623
416	4.160000	12.937756
417	1.600000	3.133373
418	1.280000	2.140402
419	1.600000	2.348826
420	5.440000	7.959289
421	2.560000	3.737100
422	1.280000	2.339472
423	1.920000	3.546328
424	5.120000	14.206255
425	0.960000	2.353193
426	7.360000	9.849263
427	2.240000	3.483916
428	1.280000	1.995826
429	1.280000	2.582124
430	1.920000	3.281480
431	0.960000	1.418675
432	0.640000	1.255737
433	0.640000	0.958210
434	1.280000	4.400261
435	1.920000	2.296807
436	2.560000	2.725237
437	0.960000	1.114435
438	0.960000	1.322015
439	1.280000	13.244367
440	0.960000	1.982915
441	3.200000	3.939290
442	2.880000	3.778905
443	0.960000	1.128621
444	3.200000	5.189267
445	1.920000	2.239996
446	1.600000	1.995241
447	2.240000	3.194914
448	2.560000	2.984498
449	1.920000	2.285695
450	0.640000	1.671400
451	0.320000	0.548810
452	0.960000	1.762739
453	1.600000	1.877257
454	1.600000	2.034413
455	3.200000	4.202803
456	2.560000	3.604674
457	1.280000	1.397356
458	1.600000	2.631641
459	0.320000	0.694402
460	0.320000	0.384529
461	0.320000	1.139697
462	0.320000	1.445657
463	2.560000	3.458903
464	5.120000	16.191263
465	1.280000	2.665511
466	1.600000	2.057682
467	2.240000	2.881627
468	0.320000	1.082495
469	0.000000	1.181133
470	1.600000	2.080905
471	2.880000	3.629283
472	0.320000	0.930779
473	0.640000	1.964646
474	4.480000	5.351826
475	0.960000	1.401172
476	1.280000	1.669201
477	0.960000	1.336045
478	1.600000	1.950796
479	0.640000	1.831881
480	3.520000	4.161090
481	0.640000	1.337612
482	5.440000	16.160720
483	2.560000	3.572827
484	1.280000	1.534406
485	0.640000	1.208143
486	2.240000	3.024047
487	0.000000	0.166504
488	0.320000	0.684606
489	0.320000	2.580606
490	0.320000	1.007441
491	2.880000	3.733166
492	0.000000	0.897556
493	0.000000	0.312797
494	0.000000	0.186845
495	0.960000	1.770140
496	2.560000	3.263971
497	0.960000	1.553032
498	0.000000	0.388854
499	1.280000	1.928755
500	1.600000	2.653707
501	0.960000	1.709599
502	0.960000	2.261604
503	0.640000	0.913959
504	1.920000	2.290123
505	0.000000	0.557859
506	1.280000	2.298425
507	0.320000	1.211134
508	0.640000	1.541411
509	0.960000	1.751201
510	0.960000	2.901508
511	2.240000	3.318755
512	0.320000	0.733977
513	0.640000	2.691589
514	0.320000	2.283907
515	1.280000	2.300909
516	0.640000	2.418230
517	0.960000	1.467682
518	1.920000	3.228730
519	0.320000	2.462184
520	0.640000	1.447866
521	0.000000	0.843220
522	0.640000	2.365421
523	2.880000	4.699543
524	0.640000	0.846366
525	3.200000	4.401177
526	0.960000	1.428833
527	0.640000	2.577070
528	0.000000	0.322034
529	0.960000	2.078018
530	0.320000	0.764602
531	1.280000	2.181436
532	0.960000	1.459735
533	1.280000	2.326308
534	2.560000	2.934899
535	7.360000	15.124463
536	6.400000	15.137215
537	0.000000	0.230089
538	6.080000	10.061426
539	9.600000	16.899602
540	1.600000	2.041185
541	1.600000	1.996758
542	0.320000	0.858290
543	0.960000	1.659798
544	0.960000	1.067021
545	1.920000	3.060357
546	0.640000	1.297597
547	3.200000	4.157456
548	0.320000	1.767255
549	3.200000	3.813340
550	0.960000	3.004091
551	0.320000	0.522229
552	2.240000	2.589455
553	0.960000	1.256484
554	0.960000	1.285318
555	2.240000	2.752950
556	4.800000	14.672806
557	0.320000	0.733582
558	0.640000	2.931185
559	10.880000	20.694773
560	5.440000	14.109038
561	0.320000	0.744074
562	0.640000	1.247459
563	0.320000	0.542994
564	7.680000	16.199764
565	3.520000	4.011139
566	2.880000	3.138730
567	6.720000	11.378256
568	7.360000	12.383459
569	4.800000	9.871843
570	0.320000	0.975487
571	6.720000	11.301326
572	7.360000	12.123185
573	8.320000	13.606565
574	0.640000	0.722316
575	13.440000	17.638090
576	3.840000	11.367449
577	5.120000	10.785625
578	6.080000	16.092477
579	12.480000	17.153312
580	7.360000	11.929587
581	8.320000	19.647636
582	11.200000	15.314244
583	0.640000	1.240585
584	10.240000	15.660521
585	1.600000	3.385672
586	4.800000	6.117280
587	2.880000	10.143027
588	1.280000	1.826745
589	4.160000	5.396216
590	13.440000	19.826858
591	12.800000	19.185728
592	13.440000	20.623325
593	14.080000	20.143671
594	3.840000	5.307811
595	13.440000	19.281899
596	4.480000	5.877236
597	12.480000	18.572865
598	13.440000	19.903937
599	12.480000	17.361209
600	13.120000	17.841722
601	13.760000	20.310947
602	12.800000	17.775649
603	12.480000	16.764912
604	14.720000	22.075512
605	11.840000	16.836011
606	16.000000	23.496991
607	4.800000	6.438790
608	14.720000	22.027165
609	16.000000	24.169153
610	15.040000	21.339701
611	14.720000	20.732750
612	13.760000	20.416918
613	14.080000	20.418927
614	12.480000	18.323725
615	16.640000	24.284357
616	14.400000	23.035800
617	4.800000	7.653864
618	13.440000	20.830080
619	14.400000	21.966108
620	14.720000	22.950527
621	11.200000	16.658847
622	12.800000	19.541005
623	12.480000	19.153920
624	11.840000	17.693813
625	12.160000	19.370758
626	13.440000	21.369269
627	11.520000	17.351451
628	13.760000	21.037833
629	12.480000	19.375046
630	14.400000	22.318658
631	14.720000	22.233439
632	14.720000	23.251612
633	14.720000	22.813692
634	15.360000	23.861375
635	13.440000	20.184145
636	11.200000	16.822361
637	16.320000	24.309252
638	0.000000	1.662201
639	1.280000	1.811372
640	0.320000	0.692224
641	0.320000	0.932257
642	0.640000	1.155125
643	0.320000	0.613387
644	0.960000	1.529691
645	0.320000	1.315586
646	1.280000	1.582176
647	0.000000	1.300340
648	0.000000	0.317063
649	0.960000	1.128177
650	0.640000	2.205772
651	10.880000	15.723752
652	1.920000	2.591718
653	0.320000	0.647173
654	0.000000	1.067373
655	0.320000	2.960606
656	1.920000	3.254190
657	2.240000	3.369991
658	0.960000	1.181645
659	0.320000	0.823699
660	0.960000	3.381303
661	0.640000	1.542359
662	3.840000	5.194161
663	0.640000	0.953362
664	1.600000	2.205991
665	2.560000	3.392583
666	0.320000	2.339729
667	1.920000	2.380672
668	1.600000	2.207561
669	0.640000	1.125204
670	1.600000	2.024372
671	0.320000	1.853444
672	0.320000	1.837032
673	0.000000	0.753399
674	1.280000	1.443860
675	1.280000	1.566853
676	0.000000	0.489206
677	1.600000	2.133262
678	1.600000	2.712012
679	0.320000	0.855875
680	1.280000	1.793780
681	0.000000	1.281449
682	1.920000	2.754456
683	0.320000	0.711042
684	0.320000	1.306791
685	0.320000	1.886298
686	0.320000	0.468820
687	0.320000	1.306635
688	0.000000	1.354633
689	0.960000	2.949320
690	2.560000	3.739899
691	0.000000	1.153626
692	0.000000	0.776111
693	0.000000	1.725057
694	2.880000	5.411455
695	0.960000	2.047898
696	0.320000	1.113425
697	1.280000	2.035761
698	2.880000	4.587521
699	2.240000	3.654928
700	10.240000	14.492259
701	2.240000	3.448348
702	0.640000	1.844693
703	1.600000	2.844631
704	0.640000	1.393505
705	0.960000	2.005535
706	1.920000	3.471802
707	0.640000	2.147784
708	4.480000	12.848846
709	0.320000	1.942344
710	4.800000	11.148301
711	1.280000	14.556933
712	2.560000	15.016203
713	5.440000	10.732003
714	5.120000	11.288030
715	4.800000	9.761967
716	0.000000	1.364643
717	1.920000	13.182924
718	3.520000	15.118366
719	2.240000	12.588804
720	0.320000	1.368525
721	0.320000	0.774641
722	0.640000	2.703048
723	0.960000	11.347338
724	2.560000	13.436152
725	3.200000	6.342062
726	0.320000	0.843826
727	0.320000	1.503048
728	4.160000	13.373937
729	0.000000	1.851306
730	0.960000	2.426799
731	4.800000	9.495470
732	2.880000	12.199818
733	3.200000	11.464321
734	2.240000	3.600561
735	4.160000	13.971401
736	1.280000	1.453737
737	1.920000	4.186886
738	0.640000	1.102115
739	0.960000	1.842959
740	5.120000	12.873294
741	0.960000	1.846190
742	0.640000	1.188935
743	3.840000	6.694342
744	1.600000	14.139540
745	1.280000	2.365986
746	1.600000	2.438992
747	3.840000	14.993174
748	1.280000	1.784639
749	0.000000	0.468793
750	0.320000	1.030415
751	0.320000	1.102095
752	0.320000	0.485068
753	0.320000	0.611392
754	1.920000	3.732125
755	0.960000	3.118781
756	1.920000	3.704963
757	0.960000	2.054476
758	0.000000	0.848266
759	0.320000	0.873592
760	1.920000	3.903576
761	2.240000	14.161674
762	0.000000	1.121868
763	1.280000	2.525230
764	0.320000	1.145029
765	1.280000	11.257592
766	0.960000	2.120211
767	0.640000	1.322413
768	2.240000	15.228164
769	1.280000	3.678747
770	0.960000	2.166920
771	1.920000	14.096060
772	0.000000	1.378420
773	0.640000	1.933378
774	2.560000	13.958035
775	0.320000	0.790272
776	7.040000	12.742035
777	0.000000	1.982012
778	5.440000	11.475571
779	0.640000	2.083066
780	0.000000	2.518036
781	0.000000	1.113969
782	1.920000	4.137050
783	2.560000	5.161996
784	6.400000	10.501663
785	3.840000	7.130635
786	1.280000	2.446886
787	6.080000	7.949331
788	1.920000	2.694145
789	0.320000	1.131846
790	0.640000	1.361037
791	1.280000	6.034062
792	7.680000	10.674778
793	0.320000	10.676389
794	0.000000	10.225859
795	0.640000	11.005380
796	0.640000	10.820577
797	5.760000	8.268665
798	6.400000	8.846013
799	8.320000	11.454338
800	0.640000	1.005885
801	6.080000	8.695162
802	4.800000	10.456815
803	7.680000	10.955408
804	1.280000	2.003301
805	5.440000	7.201908
806	5.120000	7.012630
807	1.600000	10.795767
808	0.320000	9.311045
809	8.960000	12.178518
810	5.120000	6.714471
811	1.600000	12.211590
812	0.960000	2.573507
813	3.520000	4.948597
814	3.520000	5.469847
815	4.800000	5.908174
816	6.720000	9.701252
817	0.640000	0.924108
818	5.120000	11.927035
819	0.640000	9.547747
820	4.480000	5.693010
821	4.480000	11.369325
822	0.640000	2.353323
823	2.880000	4.275103
824	2.880000	5.387051
825	1.600000	2.040804
826	12.480000	16.038674
827	7.360000	15.530105
828	2.240000	3.119546
829	5.440000	12.760643
830	3.520000	6.462041
831	0.960000	1.587394
832	2.240000	2.805532
833	1.600000	2.401319
834	4.160000	11.101516
835	6.720000	14.594678
836	0.640000	8.904682
837	0.960000	12.242799
838	5.440000	11.338405
839	0.320000	0.520968
840	10.240000	14.091726
841	16.000000	24.444953
842	13.760000	20.773904
843	2.560000	2.824314
844	2.240000	3.052835
845	0.320000	0.752164
846	14.080000	22.912031
847	16.960000	28.231113
848	0.320000	1.547621
849	2.240000	3.100227
850	0.320000	1.833059
851	3.840000	4.755869
852	0.000000	0.476156
853	1.280000	2.811912
854	0.960000	1.279929
855	16.960000	26.691783
856	1.280000	1.897485
857	0.000000	0.727481
858	16.000000	25.631124
859	2.880000	3.372126
860	15.680000	24.383478
861	14.400000	23.172203
862	9.280000	13.523052
863	1.600000	2.446482
864	1.920000	3.274716
865	1.280000	2.728919
866	9.600000	13.487949
867	4.160000	5.546842
868	10.560000	12.996522
869	9.280000	11.363841
870	10.880000	14.453030
871	12.160000	15.358812
872	7.360000	10.365264
873	10.880000	15.556451
874	6.080000	9.642133
875	9.920000	13.425075
876	11.200000	13.144653
877	11.840000	17.250277
878	0.000000	0.709857
879	0.320000	0.433716
880	0.320000	0.425291
881	13.120000	16.434019
882	10.880000	13.599832
883	1.280000	3.456784
884	11.200000	14.513309
885	1.600000	2.272586
886	5.120000	16.248031
887	1.600000	9.562404
888	8.640000	13.326206
889	10.240000	18.527622
890	1.600000	2.398244
891	7.040000	14.740783
892	6.400000	11.788892
893	1.600000	2.480277
894	13.120000	17.879764
895	2.880000	4.298874
896	10.240000	13.233995
897	0.960000	23.928263
898	10.240000	16.375971
899	1.600000	2.263223
900	0.320000	0.725966
901	0.000000	0.200496
902	4.800000	7.179262
903	11.520000	18.161156
904	1.600000	2.401825
905	1.920000	2.757351
906	6.080000	8.961248
907	1.920000	2.970827
908	4.160000	4.558081
909	7.040000	7.309899
910	2.240000	2.451171
911	2.560000	3.028515
912	1.600000	2.451814
913	1.600000	2.687187
914	4.800000	5.134790
915	2.240000	10.755702
916	7.680000	16.437195
917	5.440000	6.415876
918	2.240000	2.494658
919	8.320000	15.258876
920	9.920000	16.076400
921	4.800000	12.030732
922	0.960000	1.465024
923	9.280000	15.648265
924	4.800000	5.167682
925	7.040000	7.745255
926	0.320000	0.510224
927	1.920000	2.253385
928	3.520000	4.246452
929	5.120000	5.644708
930	4.800000	5.546894
931	1.280000	2.129779
932	1.280000	1.462902
933	1.920000	2.517423
934	2.240000	2.826388
935	2.880000	3.455677
936	1.920000	2.611672
937	4.480000	5.391435
938	3.520000	3.958486
939	5.440000	6.001781
940	8.000000	15.108141
941	4.160000	4.661046
942	6.720000	12.520686
943	1.920000	2.012907
944	1.920000	2.203016
945	0.000000	0.155390
946	3.520000	3.741727
947	6.400000	16.165693
948	3.200000	3.886830
949	0.640000	2.442834
950	0.640000	0.850568
951	5.760000	15.143719
952	0.000000	0.518223
953	5.120000	13.292254
954	11.520000	17.596983
955	5.120000	13.438814
956	4.800000	11.793512
957	3.840000	11.793472
958	8.320000	13.039886
959	10.560000	15.202794
960	9.280000	13.724796
961	3.200000	10.652395
962	4.800000	12.662790
963	9.280000	14.349200
964	5.760000	13.542658
965	9.600000	14.063577
966	2.880000	6.857793
967	5.440000	15.002026
968	5.120000	14.459042
969	3.840000	10.939161
970	8.320000	12.878183
971	5.440000	14.019181
972	5.760000	13.453145
973	8.960000	13.386441
974	4.160000	11.655095
975	4.160000	10.703214
976	4.800000	10.797767
977	8.960000	14.941964
978	2.560000	3.063997
979	4.480000	13.398426
980	5.120000	13.871273
981	7.040000	12.359533
982	5.440000	12.401587
983	4.160000	10.751639
984	7.680000	12.276504
985	1.600000	2.002362
986	9.280000	14.523639
987	7.680000	12.060745
988	6.080000	11.419268
989	4.480000	11.410967
990	4.480000	10.376161
991	8.640000	17.070278
992	10.880000	20.615598
993	9.280000	19.000545
994	9.600000	18.814174
995	11.200000	20.076834
996	10.560000	17.650997
997	10.560000	20.689970
998	11.840000	21.314175
999	11.520000	20.971102
1000	9.600000	17.753629
1001	9.600000	19.641228
1002	10.240000	19.641000
1003	1.920000	2.580512
1004	10.880000	20.751447
1005	9.280000	20.233897
1006	10.560000	20.162514
1007	10.880000	19.770535
1008	9.920000	18.366308
1009	9.920000	19.159464
1010	10.560000	20.444669
1011	10.880000	21.102181
1012	9.920000	19.982981
1013	13.120000	21.996575
1014	0.320000	0.707713
1015	1.280000	2.445712
1016	8.000000	14.971277
1017	1.920000	3.676039
1018	8.320000	17.766951
1019	10.560000	19.369708
1020	10.880000	20.315916
1021	10.560000	18.959926
1022	6.720000	15.013199
1023	9.280000	16.754323
1024	10.240000	18.464076
1025	0.000000	0.653669
1026	10.560000	19.660600
1027	0.320000	0.732839
1028	0.320000	1.349769
1029	11.200000	19.528347
1030	9.920000	19.616942
1031	9.920000	17.859825
1032	11.200000	20.767877
1033	10.240000	20.460678
1034	0.320000	1.434756
1035	1.280000	3.422050
1036	9.920000	17.887125
1037	0.640000	1.832219
1038	12.480000	21.452586
1039	10.880000	18.952738
1040	0.960000	2.284593
1041	10.240000	18.596892
1042	11.200000	19.323998
1043	12.160000	22.006047
1044	1.600000	2.964406
1045	10.240000	21.043292
1046	10.880000	19.512510
1047	12.160000	21.982931
1048	0.320000	1.284031
1049	10.240000	19.517470
1050	0.320000	0.545218
1051	9.600000	17.110278
1052	12.160000	23.011451
1053	9.280000	18.472670
1054	1.920000	3.643553
1055	5.120000	9.635656
1056	1.600000	2.724468
1057	0.640000	1.580677
1058	12.160000	18.686470
1059	11.520000	18.592158
1060	4.160000	7.128700
