No.	Z Error(mm)	3D Error
1	0.640000	2.076277
2	0.000000	4.675753
3	0.320000	3.891410
4	0.000000	5.999791
5	0.320000	4.834460
6	0.000000	2.299806
7	0.000000	4.420735
8	0.320000	2.968388
9	0.320000	5.613182
10	0.960000	5.178324
11	0.320000	5.325148
12	0.320000	5.548900
13	0.320000	2.858136
14	0.320000	3.689987
15	0.000000	2.067646
16	0.000000	5.062795
17	0.640000	3.912711
18	0.640000	6.127812
19	0.000000	4.031250
20	0.000000	4.268544
21	0.000000	5.966750
22	0.320000	6.076571
23	0.320000	4.563145
24	0.960000	5.454836
25	0.320000	5.931710
26	0.320000	5.498314
27	0.000000	4.547301
28	0.000000	4.475045
29	0.320000	7.662614
30	0.320000	5.914231
31	0.320000	4.629616
32	0.640000	7.579348
33	0.320000	3.326141
34	0.640000	3.583595
35	0.960000	5.226482
36	0.320000	5.597896
37	0.000000	5.861378
38	0.000000	6.024360
39	0.640000	5.101251
40	0.320000	5.052155
41	0.320000	4.446150
42	0.640000	3.294524
43	0.320000	4.067175
44	0.320000	4.977745
45	0.000000	6.008823
46	0.320000	5.395886
47	0.320000	5.357670
48	0.320000	4.469094
49	0.640000	3.616078
50	0.320000	4.047722
51	0.320000	5.268594
52	0.320000	4.788389
53	0.320000	3.675182
54	0.320000	3.218763
55	0.320000	4.154351
56	0.320000	2.792326
57	0.640000	4.817492
58	1.280000	6.158282
59	0.960000	5.792221
60	0.320000	3.366194
61	0.320000	2.690050
62	0.320000	2.283107
63	1.280000	5.149029
64	0.960000	6.186509
65	0.960000	6.375103
66	0.640000	6.415171
67	0.320000	4.667225
68	0.640000	5.035322
69	0.960000	5.109038
70	0.000000	5.575886
71	0.320000	3.216563
72	0.640000	3.391610
73	0.000000	1.395343
74	0.640000	2.063900
75	0.000000	2.580740
76	0.320000	1.751247
77	0.320000	3.988791
78	0.320000	5.976058
79	0.320000	5.670069
80	0.640000	3.384524
81	0.960000	3.732477
82	0.320000	4.976750
83	0.320000	2.205692
84	0.320000	4.801216
85	0.320000	5.212394
86	0.960000	6.983140
87	0.640000	4.536472
88	0.000000	5.451853
89	0.320000	5.498834
90	0.320000	4.374336
91	0.000000	3.841627
92	0.320000	1.858841
93	0.320000	2.033454
94	0.000000	2.815049
95	0.640000	3.958099
96	0.000000	5.985047
97	1.280000	6.729651
98	0.320000	5.593207
99	0.320000	5.162921
100	0.320000	6.453060
101	0.000000	4.741853
102	0.320000	5.790874
103	0.640000	6.551600
104	0.000000	4.740710
105	0.960000	5.923244
106	0.320000	4.698507
107	0.320000	4.641388
108	0.640000	4.677189
109	0.640000	5.504230
110	0.320000	4.609502
111	0.320000	6.207686
112	0.320000	3.352244
113	0.640000	6.400979
114	0.960000	4.866201
115	0.000000	4.005151
116	0.320000	7.164323
117	0.320000	5.113761
118	0.320000	2.128661
119	0.000000	4.469493
120	1.920000	7.410394
121	0.320000	5.992740
122	0.960000	8.303073
123	1.280000	8.375482
124	0.960000	5.757473
125	0.320000	1.249226
126	0.320000	5.286730
127	0.640000	6.486857
128	0.960000	6.709344
129	0.640000	7.039476
130	0.000000	7.118038
131	0.640000	7.329379
132	1.600000	6.574844
133	1.600000	6.764007
134	0.960000	8.206818
135	0.960000	8.101749
136	0.320000	5.341616
137	0.960000	3.706115
138	0.640000	6.622926
139	0.640000	6.994789
140	0.640000	7.904540
141	1.280000	7.639770
142	2.240000	7.326200
143	1.920000	7.536827
144	1.600000	7.888941
145	0.000000	5.451853
146	0.640000	6.649718
147	1.920000	7.941116
148	0.960000	5.712113
149	0.960000	6.195256
150	1.600000	7.967333
151	1.280000	6.914549
152	0.640000	5.245996
153	0.960000	7.371757
154	0.960000	8.192100
155	0.000000	5.234561
156	0.320000	6.380569
157	0.320000	4.263449
158	0.320000	2.696340
159	0.320000	5.265594
160	0.320000	6.598628
161	0.960000	7.839976
162	0.320000	8.149728
163	0.320000	6.920452
164	0.000000	7.190866
165	0.640000	7.470337
166	0.320000	7.998945
167	0.960000	8.780487
168	0.000000	6.874071
169	0.640000	7.558419
170	0.640000	8.474257
171	0.000000	7.648376
172	0.320000	6.474433
173	0.320000	6.859802
174	0.000000	6.259092
175	0.000000	6.158827
176	0.320000	7.363363
177	0.000000	5.819563
178	0.640000	7.877151
179	0.640000	7.579348
180	0.000000	6.222322
181	0.320000	6.156565
182	0.320000	6.921847
183	0.640000	7.896991
184	0.320000	7.196089
185	0.000000	5.262559
186	0.320000	6.869761
187	0.320000	7.552924
188	0.320000	6.650158
189	0.000000	6.263315
190	0.640000	7.900726
191	0.320000	7.687827
192	0.320000	8.352204
193	0.960000	8.693870
194	0.640000	7.788006
195	1.600000	9.001943
196	0.640000	8.353077
197	0.640000	8.375499
198	0.000000	6.630062
199	0.640000	7.530011
200	0.320000	6.777481
201	0.320000	8.389743
202	0.320000	8.334668
203	0.640000	6.448639
204	0.320000	6.982527
205	0.960000	7.944555
206	0.000000	7.871610
207	0.000000	7.791607
208	0.640000	8.341100
209	0.000000	6.872452
210	0.320000	7.186037
211	0.640000	8.024846
212	0.960000	9.000989
213	0.640000	7.708505
214	0.640000	7.887549
215	1.280000	8.873619
216	1.280000	9.006342
217	0.960000	8.399635
218	0.960000	8.889477
219	0.960000	8.443867
220	0.320000	6.244325
221	0.640000	6.061574
222	0.320000	5.810644
223	1.280000	7.659019
224	0.000000	6.702691
225	0.000000	5.615367
226	0.320000	6.228635
227	0.960000	7.518748
228	0.320000	4.848989
229	0.320000	6.183418
230	0.000000	6.809552
231	0.320000	5.749546
232	0.960000	7.379219
233	0.320000	6.314895
234	0.960000	7.326077
235	0.960000	7.578326
236	0.320000	6.165147
237	0.000000	5.973770
238	0.320000	5.229185
239	0.000000	5.753961
240	0.960000	7.736352
241	0.640000	6.972471
242	1.920000	8.705376
243	0.320000	6.803326
244	1.280000	8.425636
245	0.000000	7.153175
246	0.000000	5.741505
247	0.320000	6.899192
248	0.320000	6.453344
249	0.640000	7.602240
250	0.640000	6.587976
251	0.000000	6.369555
252	0.960000	7.759141
253	0.640000	7.361688
254	0.000000	5.726599
255	0.640000	7.237384
256	0.960000	7.329240
257	0.000000	6.777761
258	0.320000	5.302894
259	0.320000	5.696110
260	0.640000	7.388391
261	0.320000	6.958082
262	0.000000	6.639772
263	0.640000	6.944942
264	0.320000	6.159693
265	0.000000	5.907028
266	0.640000	7.335580
267	0.640000	6.816692
268	0.960000	7.065937
269	0.960000	7.726824
270	0.640000	7.509985
271	0.640000	7.723995
272	0.320000	6.593604
273	0.640000	4.126734
274	0.000000	5.976949
275	0.320000	6.757559
276	0.960000	7.418478
277	0.640000	6.864866
278	0.640000	6.265245
279	0.640000	7.135814
280	0.000000	6.870930
281	0.000000	6.352284
282	0.320000	6.904594
283	1.280000	7.934985
284	0.320000	7.069514
285	0.960000	7.149628
286	0.640000	6.878618
287	0.640000	7.058048
288	0.000000	6.329147
289	1.600000	8.229469
290	0.640000	6.919409
291	0.320000	6.675250
292	0.640000	4.376806
293	0.000000	6.618917
294	1.280000	7.141772
295	0.640000	6.563440
296	1.280000	7.648044
297	0.960000	8.388730
298	1.280000	8.264216
299	0.000000	6.466995
300	1.920000	8.105134
301	0.640000	9.028250
302	0.640000	9.388648
303	0.960000	8.972393
304	1.280000	10.155232
305	0.960000	9.399702
306	0.640000	9.031459
307	0.640000	9.000369
308	0.320000	8.427501
309	0.640000	8.780177
310	0.320000	7.325913
311	0.000000	8.916987
312	0.000000	8.589941
313	0.640000	8.441860
314	0.320000	7.701122
315	0.320000	8.148775
316	0.640000	8.876681
317	0.320000	8.736849
318	0.320000	8.476204
319	0.960000	9.231798
320	1.280000	9.267427
321	0.640000	6.789109
322	0.000000	7.441302
323	0.000000	8.399598
324	0.640000	9.025375
325	1.600000	8.640643
326	0.320000	3.353734
327	0.640000	4.507073
328	0.640000	5.778533
329	1.920000	7.912471
330	0.640000	5.767486
331	0.640000	6.169046
332	1.600000	7.269496
333	0.320000	5.127164
334	0.320000	6.555568
335	0.960000	6.515812
336	1.600000	6.782652
337	0.640000	5.204732
338	0.640000	5.532409
339	1.280000	6.833592
340	0.640000	5.716370
341	0.960000	6.324285
342	1.280000	7.285301
343	0.000000	4.429026
344	0.000000	4.921817
345	0.320000	5.707672
346	0.000000	4.179613
347	0.640000	4.366248
348	1.280000	6.953789
349	1.280000	6.885991
350	0.640000	5.333782
351	0.320000	5.014687
352	0.000000	4.290393
353	0.320000	4.065765
354	0.000000	5.114287
355	0.320000	4.767239
356	0.000000	3.329259
357	0.000000	4.901634
358	0.000000	3.179918
359	0.000000	4.216841
360	0.000000	3.370616
361	0.320000	2.611523
362	0.320000	3.655359
363	0.320000	3.939976
364	0.320000	3.136402
365	0.000000	3.485832
366	0.000000	4.459821
367	0.320000	2.542481
368	0.640000	3.205626
369	0.320000	5.297332
370	1.280000	6.829148
371	0.000000	2.798011
372	0.000000	3.270559
373	0.000000	3.611088
374	0.000000	3.913788
375	0.000000	4.186146
376	0.000000	3.014451
377	0.960000	5.758237
378	0.000000	4.128614
379	0.000000	4.546830
380	0.320000	3.082148
381	0.320000	3.732809
382	0.320000	4.259220
383	0.320000	3.479353
384	0.320000	4.341917
385	0.640000	4.032964
386	0.960000	3.227124
387	0.000000	4.719845
388	0.640000	3.550807
389	0.320000	4.076479
390	0.000000	3.559507
391	0.000000	3.815238
392	0.320000	3.573261
393	0.320000	4.363175
394	0.000000	4.590617
395	0.000000	3.991561
396	0.320000	4.804496
397	0.320000	5.087526
398	0.320000	2.781019
399	0.320000	3.800749
400	0.000000	4.448377
401	0.000000	4.514488
402	0.320000	4.904121
403	0.000000	3.116840
404	0.000000	5.166925
405	0.000000	3.314586
406	0.640000	5.946897
407	0.320000	2.353348
408	0.000000	2.717956
409	0.320000	3.885887
410	0.640000	4.528796
411	0.640000	2.980898
412	0.320000	4.215155
413	0.000000	4.351009
414	0.000000	4.546047
415	0.640000	5.060667
416	0.320000	3.513412
417	0.320000	4.145266
418	0.320000	5.122404
419	0.000000	3.586090
420	0.320000	2.044402
421	0.320000	5.159926
422	0.320000	2.153621
423	0.960000	4.839561
424	0.640000	4.131230
425	0.320000	4.395340
426	0.000000	3.683352
427	0.640000	4.355164
428	0.640000	5.500307
429	0.320000	4.221620
430	0.320000	2.357423
431	0.320000	4.175356
432	0.320000	4.728735
433	0.320000	3.929674
434	0.000000	4.270864
435	0.320000	3.823606
436	0.640000	3.883306
437	0.000000	4.886099
438	0.320000	4.758079
439	0.320000	6.014695
440	0.640000	6.525312
441	0.000000	5.700919
442	0.320000	5.515292
443	0.320000	4.944996
444	0.320000	5.004724
445	1.280000	7.370869
446	0.000000	5.257028
447	0.640000	5.899820
448	0.320000	6.134298
449	0.320000	4.646183
450	0.640000	6.408399
451	1.920000	7.611289
452	1.280000	7.904448
453	1.600000	7.868949
454	1.920000	8.157655
455	0.320000	5.484861
456	0.640000	6.649382
457	1.280000	6.625685
458	0.960000	7.416568
459	1.280000	7.094412
460	0.960000	6.826703
461	1.280000	7.111363
462	0.640000	7.363646
463	0.960000	7.398021
464	0.640000	6.391523
465	1.920000	8.285477
466	1.280000	7.122660
467	0.640000	6.479604
468	1.600000	7.659088
469	0.640000	6.638255
470	2.880000	9.219039
471	1.280000	6.741548
472	1.600000	7.983328
473	1.280000	6.773665
474	0.640000	6.802407
475	0.640000	5.947164
476	1.280000	7.247496
477	1.600000	7.707817
478	0.960000	6.425127
479	0.640000	6.220511
480	0.640000	6.691752
481	1.920000	7.819841
482	0.320000	5.816045
483	1.280000	7.600070
484	0.000000	5.244291
485	0.960000	7.058065
486	1.920000	8.384483
487	0.320000	5.857246
488	0.960000	7.036318
489	0.640000	6.847730
490	0.640000	6.721125
491	1.280000	8.269555
492	0.320000	5.283300
493	0.640000	5.926012
494	0.320000	6.468476
495	0.960000	7.324925
496	0.960000	7.172986
497	0.640000	7.224784
498	1.600000	7.998669
499	0.640000	7.064334
500	1.920000	8.899791
501	1.600000	8.483811
502	0.960000	7.390249
503	1.600000	7.767499
504	0.960000	7.593661
505	2.880000	9.299140
506	2.880000	9.337610
507	0.960000	7.767690
508	2.240000	9.064052
509	1.280000	7.616403
510	2.560000	9.576905
511	1.600000	8.412401
512	0.960000	7.707876
513	2.560000	9.088761
514	2.880000	9.339563
515	0.640000	7.194307
516	1.920000	8.297575
517	2.240000	8.869061
518	2.560000	9.100655
519	2.560000	9.277029
520	0.960000	7.406091
521	0.640000	7.087390
522	1.280000	7.898959
523	0.640000	7.506018
524	1.920000	9.134115
525	1.600000	7.965752
526	2.880000	9.043223
527	1.920000	9.082867
528	2.560000	8.894704
529	2.240000	8.714331
530	0.640000	6.068121
531	1.600000	7.035212
532	0.320000	5.115678
533	3.520000	9.561728
534	2.880000	9.585387
535	0.960000	7.467031
536	1.920000	8.628041
537	2.880000	9.344325
538	3.200000	9.529553
539	1.920000	8.093505
540	3.200000	9.938125
541	2.240000	8.393124
542	1.920000	8.310558
543	3.520000	10.182120
544	3.840000	10.086934
545	4.800000	11.308105
546	3.520000	10.167630
547	0.960000	7.258022
548	1.920000	8.246482
549	2.240000	8.974914
550	2.240000	8.243869
551	1.600000	8.235544
552	1.600000	7.954622
553	2.240000	8.933544
554	2.560000	9.295484
555	0.960000	7.273158
556	1.600000	7.886638
557	0.640000	6.293342
558	1.280000	7.618468
559	1.280000	7.430297
560	1.600000	8.266794
561	1.280000	7.122965
562	2.240000	8.344988
563	2.560000	9.066113
564	2.240000	8.748135
565	1.280000	7.183715
566	3.840000	9.889526
567	1.920000	8.131535
568	2.880000	9.352774
569	2.880000	9.399084
570	1.280000	7.302098
571	1.600000	7.303278
572	1.600000	7.411037
573	2.240000	7.726495
574	0.960000	7.118278
575	1.920000	7.987411
576	1.280000	7.772102
577	1.600000	7.571043
578	2.240000	8.764256
579	0.640000	5.867109
580	0.960000	6.473270
581	1.920000	8.632782
582	1.280000	7.372523
583	0.960000	6.442145
584	1.920000	7.655927
585	1.280000	8.160330
586	1.920000	7.542958
587	1.920000	7.784653
588	0.000000	4.314658
589	0.320000	6.520008
590	0.320000	6.485821
591	0.640000	7.238937
592	0.960000	7.387995
593	0.320000	5.571753
594	1.280000	7.466475
595	0.640000	7.264966
596	0.000000	6.705009
597	0.320000	6.246232
598	1.280000	8.329457
599	0.960000	7.967547
600	0.320000	6.697145
601	0.320000	5.834986
602	0.320000	5.821201
603	0.640000	6.774891
604	1.280000	8.019893
605	0.320000	6.356018
606	0.640000	6.678883
607	1.920000	7.608411
608	1.280000	7.739646
609	1.600000	8.064141
610	1.600000	8.726699
611	1.600000	7.125731
612	0.000000	6.229306
613	1.280000	7.847036
614	1.280000	7.821599
615	1.280000	7.419525
616	0.320000	6.394576
617	0.960000	8.035899
618	0.640000	7.128777
619	1.280000	8.598345
620	0.320000	7.458399
621	1.280000	8.431910
622	0.320000	6.824541
623	0.640000	7.566262
624	0.960000	7.077966
625	0.960000	7.418369
626	0.640000	5.732842
627	1.600000	8.290616
628	1.600000	8.859728
629	1.280000	8.149507
630	1.920000	9.006915
631	0.640000	7.789225
632	0.640000	7.221475
633	0.320000	7.035683
634	0.960000	7.832006
635	1.280000	7.746665
636	1.920000	8.490339
637	0.960000	6.893353
638	0.640000	7.264580
639	0.960000	7.359573
640	0.320000	5.857860
641	0.960000	6.570188
642	0.320000	6.560336
643	0.320000	7.106063
644	0.960000	7.258798
645	1.280000	8.209156
646	1.280000	7.369676
647	1.280000	7.685600
648	1.280000	6.907001
649	1.280000	8.313398
650	0.960000	6.002222
651	0.960000	7.438744
652	1.600000	7.482701
653	2.240000	9.316871
654	0.320000	5.663609
655	0.320000	6.195593
656	0.320000	5.567772
657	1.600000	9.178213
658	0.960000	7.172428
659	0.320000	6.547290
660	0.320000	6.945676
661	0.960000	7.333570
662	1.280000	7.784843
663	0.960000	6.074024
664	0.960000	6.168952
665	0.640000	6.245946
666	0.320000	6.476380
667	0.320000	5.701208
668	0.640000	6.416228
669	0.640000	7.119342
670	0.640000	7.350456
671	0.640000	8.014189
672	0.960000	7.841131
673	0.000000	6.461519
674	0.960000	6.049755
675	0.320000	6.823807
676	0.640000	6.085030
677	0.960000	5.972020
678	0.000000	5.025766
679	0.640000	7.250602
680	0.960000	6.263432
681	0.640000	7.355955
682	1.600000	6.945040
683	1.600000	7.282795
684	0.320000	5.371951
685	0.640000	7.276627
686	0.640000	7.191910
687	0.960000	7.235483
688	0.960000	8.057852
689	0.000000	5.389541
690	1.280000	8.246801
691	0.320000	6.056849
692	0.320000	5.952194
693	1.600000	7.526792
694	0.640000	6.103292
695	0.320000	6.465203
696	0.320000	5.969611
697	0.000000	5.097970
698	2.240000	7.975852
699	0.960000	6.743831
700	0.320000	4.733389
701	0.000000	5.657436
702	0.640000	6.488576
703	1.280000	7.975047
704	0.960000	7.352972
705	0.000000	7.237941
706	0.640000	6.938475
707	0.960000	7.618369
708	1.280000	8.462178
709	0.320000	5.006261
710	0.640000	7.267450
711	0.000000	6.409549
712	0.640000	7.552055
713	0.320000	6.235708
714	0.320000	5.536778
715	0.960000	5.935608
716	0.960000	6.032664
717	0.320000	7.217757
718	0.960000	8.112832
719	1.600000	7.704372
720	0.320000	8.377776
721	0.320000	7.683692
722	0.320000	6.289268
723	0.000000	6.462799
724	0.320000	6.425089
725	0.000000	6.932333
726	0.000000	7.150416
727	0.640000	7.485745
728	0.320000	7.627485
729	0.640000	6.485073
730	1.600000	6.826332
731	0.320000	6.058306
732	0.320000	6.607539
733	0.000000	5.700919
734	0.320000	6.817396
735	0.640000	7.549294
736	0.320000	6.353706
737	0.320000	7.600602
738	0.320000	6.498828
739	1.280000	7.188155
740	0.000000	5.876397
741	0.960000	7.255665
742	0.000000	5.957044
743	0.640000	6.038842
744	0.000000	6.277223
745	0.640000	6.829995
746	0.960000	7.246151
747	0.000000	6.963857
748	0.320000	7.069785
749	0.320000	6.974593
750	0.000000	7.273433
751	0.000000	7.719683
752	0.320000	6.821929
753	0.320000	6.206938
754	0.320000	6.730198
755	0.000000	6.390068
756	0.960000	9.259745
757	0.320000	8.058532
758	1.280000	9.434289
759	0.000000	7.368155
760	0.000000	6.502364
761	1.280000	8.826805
762	0.320000	7.800473
763	0.320000	8.233771
764	0.960000	8.999796
765	0.960000	8.327896
766	0.640000	6.774948
767	0.960000	8.205896
768	0.000000	6.765100
769	0.320000	7.688462
770	0.320000	7.855075
771	0.320000	7.767150
772	0.320000	8.277636
773	0.320000	6.571778
774	0.000000	6.161881
775	0.960000	8.958818
776	0.320000	6.926189
777	0.000000	5.688601
778	0.640000	8.027322
779	0.640000	7.380910
780	0.320000	6.059921
781	0.320000	7.191690
782	1.600000	9.147796
783	0.320000	6.974292
784	0.960000	7.649314
785	0.640000	5.913467
786	0.960000	3.873931
787	0.320000	6.230545
788	1.280000	5.976306
789	0.640000	6.334112
790	0.320000	5.549944
791	0.320000	5.356369
792	0.000000	5.703367
793	0.640000	5.781126
794	0.320000	5.417452
795	0.320000	4.687099
796	0.000000	5.469212
797	0.640000	6.358460
798	0.320000	5.544058
799	0.320000	5.691256
800	0.320000	6.896159
801	0.960000	5.084268
802	0.960000	6.577244
803	0.320000	6.745084
804	0.320000	6.086660
805	0.000000	5.506001
806	0.000000	5.446062
807	0.000000	5.239247
808	0.320000	4.659436
809	0.000000	6.157764
810	0.320000	6.704123
811	0.640000	6.560554
812	0.640000	7.636787
813	0.000000	7.107426
814	0.320000	7.275376
815	0.320000	6.900557
816	0.320000	7.715330
817	0.320000	6.734723
818	0.640000	5.816296
819	0.320000	7.839797
820	0.000000	7.038527
821	0.960000	5.981849
822	0.320000	7.238597
823	0.640000	7.341008
824	0.320000	7.089008
825	0.000000	5.145743
826	0.320000	6.687933
827	0.960000	7.664072
828	0.320000	6.289776
829	0.320000	6.111471
830	0.640000	8.245663
831	0.640000	7.474431
832	0.320000	5.298521
833	0.320000	5.650652
834	0.000000	5.483544
835	0.640000	6.816123
836	1.600000	8.011743
837	0.000000	6.792082
838	0.000000	6.836566
839	0.960000	7.048748
840	0.320000	4.383629
841	0.960000	4.748957
842	0.960000	6.666202
843	0.640000	5.118576
844	0.320000	4.139929
845	0.320000	4.904875
846	0.640000	5.749385
847	0.320000	4.537223
848	1.280000	5.745948
849	0.640000	4.418581
850	0.640000	5.102397
851	0.320000	4.989110
852	0.320000	5.794352
853	0.000000	5.300908
854	0.960000	7.155899
855	0.000000	5.414381
856	0.320000	5.726365
857	0.640000	6.379420
858	0.640000	5.741793
859	0.320000	5.945112
860	0.960000	5.521577
861	0.000000	5.264790
862	0.640000	5.360570
863	0.000000	4.809482
864	0.000000	4.732348
865	0.000000	5.034507
866	0.320000	2.221783
867	0.320000	4.541516
868	0.320000	4.381009
869	0.640000	2.516442
870	0.320000	2.993185
871	0.320000	4.235063
872	0.000000	3.499023
873	0.640000	3.471198
874	0.000000	5.186701
875	0.000000	3.659612
876	0.640000	3.689721
877	0.640000	2.977804
878	0.320000	4.414578
879	0.000000	4.989330
880	0.640000	5.992638
881	0.320000	5.311610
882	0.320000	5.028093
883	0.320000	5.437806
884	0.640000	2.736655
885	0.640000	6.155928
886	0.320000	4.415812
887	0.000000	5.234553
888	0.320000	2.521455
889	0.000000	5.422674
890	0.320000	4.680887
891	0.320000	4.168890
892	0.000000	6.167274
893	0.000000	4.877560
894	0.320000	4.081501
895	0.320000	6.068418
896	0.320000	5.527390
897	0.000000	3.379808
898	0.320000	4.371823
899	0.320000	6.043671
900	0.000000	4.514982
901	0.640000	4.219012
902	0.000000	4.495164
903	0.640000	1.975291
904	0.000000	5.087271
905	0.320000	3.691726
906	0.640000	3.445193
907	0.320000	4.557674
908	0.320000	5.697595
909	0.320000	7.072848
910	0.320000	4.764706
911	0.320000	4.895074
912	0.320000	6.539644
913	0.000000	5.956470
914	0.640000	7.034688
915	0.960000	6.359198
916	0.640000	4.766841
917	0.000000	4.771995
918	0.000000	5.366643
919	0.640000	7.432886
920	0.000000	5.889301
921	0.000000	5.765730
922	0.320000	6.250629
923	0.640000	7.451734
924	0.320000	5.137285
925	0.640000	6.195986
926	0.000000	6.293624
927	0.640000	6.425427
928	0.640000	8.108386
929	0.320000	5.195872
930	0.000000	6.409996
931	0.000000	7.033705
932	0.000000	5.693232
933	0.320000	5.868936
934	1.280000	7.418117
935	0.320000	5.810644
936	0.640000	7.082330
937	0.000000	6.425871
938	0.320000	5.558046
939	0.320000	6.467344
940	0.320000	6.999753
941	0.640000	7.227470
942	0.320000	6.388559
943	0.000000	4.232609
944	0.640000	6.251993
945	0.000000	6.645202
946	0.320000	5.268541
947	0.320000	6.809985
948	0.320000	6.975330
949	0.960000	7.671979
950	0.640000	6.582448
951	0.960000	7.517414
952	0.640000	6.590734
953	0.640000	7.434437
954	0.640000	6.668853
955	0.320000	6.389569
956	0.320000	5.952619
957	0.000000	5.757586
958	0.640000	6.831633
959	1.280000	7.835661
960	0.640000	5.697285
961	0.320000	6.299184
962	0.000000	6.022694
963	0.320000	6.413178
964	0.320000	7.297117
965	0.320000	5.378008
966	0.320000	6.270573
967	0.320000	5.937266
968	0.320000	7.771165
969	0.320000	5.542246
970	0.320000	6.371974
971	0.320000	4.368892
972	0.320000	5.381864
973	0.640000	6.634630
974	0.000000	6.232891
975	0.000000	6.531871
976	0.640000	6.488482
977	0.320000	6.912007
978	0.640000	5.048423
979	0.640000	6.274004
980	0.000000	5.205664
981	0.640000	6.800079
982	0.640000	6.866157
983	0.640000	5.514020
984	0.320000	5.446938
985	0.320000	5.686550
986	0.000000	5.080146
987	0.960000	7.086644
988	0.320000	6.323151
989	0.640000	7.382717
990	0.960000	6.955518
991	0.640000	5.185020
992	0.320000	5.436506
993	0.320000	6.005106
994	0.320000	5.098422
995	0.320000	4.393288
996	0.640000	3.309169
997	0.000000	3.588020
998	0.000000	4.177340
999	0.640000	5.500522
1000	0.000000	4.403791
1001	0.320000	4.963463
1002	0.640000	3.980480
1003	1.280000	5.133286
1004	0.320000	4.454405
1005	0.320000	5.997087
1006	0.000000	2.456335
1007	0.640000	3.816927
1008	0.320000	5.546473
1009	0.640000	4.055648
1010	0.960000	3.836340
1011	0.320000	4.864916
1012	0.960000	5.304322
1013	0.640000	4.209645
1014	0.640000	3.798192
1015	0.320000	2.299617
1016	0.320000	1.547426
1017	0.320000	3.817113
1018	0.320000	1.797402
1019	0.320000	3.733775
1020	0.320000	2.242253
1021	0.320000	2.909848
1022	0.320000	2.305599
1023	0.000000	3.588764
1024	0.320000	3.870406
1025	0.320000	2.208691
1026	0.960000	3.676440
1027	0.320000	3.905948
1028	0.000000	5.255227
1029	0.960000	3.481616
1030	0.320000	2.601357
1031	0.000000	1.682867
1032	0.320000	5.251677
1033	0.320000	4.215524
1034	0.000000	5.186762
1035	0.320000	3.367865
1036	0.320000	3.922725
1037	0.320000	4.000495
1038	0.000000	3.397730
1039	0.640000	3.860578
1040	0.000000	3.274160
1041	0.000000	4.573657
1042	0.960000	2.712106
1043	0.320000	4.190958
1044	0.320000	2.000931
1045	0.000000	1.805671
1046	0.640000	2.724100
1047	0.320000	3.998057
1048	0.320000	3.331594
1049	0.320000	3.817841
1050	0.320000	3.999664
1051	0.960000	2.215898
1052	0.320000	4.110470
1053	0.320000	3.956738
1054	0.000000	3.481957
1055	0.000000	3.066293
1056	0.640000	3.891871
1057	0.000000	1.498100
1058	0.320000	3.670614
1059	0.000000	4.102829
1060	0.640000	3.591747
